##BLOCKS= 27         
Plate:	HCC1954_1 HNK/FLUVA	1.3	PlateFormat	Endpoint	Absorbance	Raw	FALSE	1						1	570	1	11	96	2	6	None	
	Temperature(¡C)	1	2	3	4	5	6	7	8	9	10	11	12		
	27.40														
		0.0515	0.3275	0.2387	0.223	0.2628	0.2676	0.1631	0.1685	0.1635	0.1602	0.16			
		0.0515	1.503	1.7064	1.6867	1.5974	1.5996	1.4257	0.9795	0.4732	0.2013	0.1648			
		0.0485	1.9187	2.1092	2.0403	2.039	2.0433	1.8793	1.9346	1.2319	0.5309	0.2195			
		0.0473	1.9842	1.849	1.9758	2.0021	1.8874	1.8779	1.7414	1.0245	0.551	0.2643			
		0.0518	2.0348	2.1522	2.084	2.1328	2.1407	2.1457	2.0748	1.5312	0.6437	0.2825			
		0.0484	1.9056	1.8846	1.9465	1.9599	2.0848	2.0682	1.7119	1.5427	0.6389	0.2781			
															
		
~End
Plate:	HCC1954_2 HNK/FLUVA	1.3	PlateFormat	Endpoint	Absorbance	Raw	FALSE	1						1	570	1	11	96	2	6	None	
	Temperature(¡C)	1	2	3	4	5	6	7	8	9	10	11	12		
	27.40														
		0.0453	0.5286	0.3027	0.3065	0.308	0.2159	0.1723	0.154	0.16	0.1587	0.1425			
		0.0458	1.7234	1.6748	1.5735	1.7119	1.6957	1.4379	0.8859	0.4304	0.193	0.1784			
		0.0445	2.0428	2.0846	2.1903	2.1342	2.1819	2.1449	2.0227	1.3261	0.5031	0.1942			
		0.0443	1.9543	1.9236	2.0764	2.0584	2.0879	1.9964	1.7221	0.8502	0.4246	0.2356			
		0.0452	2.1544	2.1419	2.1954	2.1502	2.1765	2.1462	2.0426	1.5434	0.7887	0.3045			
		0.0471	1.924	1.8698	2.024	1.8038	1.9906	1.9139	1.6504	1.0267	0.5036	0.3059			
															
		
~End
Plate:	HCC1954_3 HNK/FLUVA	1.3	PlateFormat	Endpoint	Absorbance	Raw	FALSE	1						1	570	1	11	96	2	6	None	
	Temperature(¡C)	1	2	3	4	5	6	7	8	9	10	11	12		
	27.40														
		0.0442	0.6346	0.294	0.3553	0.3232	0.2896	0.1892	0.1422	0.1531	0.153	0.1492			
		0.045	1.6647	1.478	1.5452	1.8061	1.8099	1.6097	0.9911	0.3734	0.2014	0.1685			
		0.0457	2.0238	2.0823	2.1488	2.1902	2.1656	2.1684	2.0067	1.4023	0.5041	0.2015			
		0.0529	1.9323	2.0189	2.075	2.0779	2.0839	2.0818	1.7411	1.3218	0.5068	0.2388			
		0.0468	2.1861	2.2141	2.1841	2.228	2.1974	2.0818	2.1392	1.6277	0.7404	0.3386			
		0.0455	1.8881	1.8702	1.9944	1.936	2.0047	1.9091	1.6342	1.148	0.6025	0.3018			
															
		
~End
Plate:	BT474_1 HNK/FLUVA	1.3	PlateFormat	Endpoint	Absorbance	Raw	FALSE	1						1	570	1	11	96	2	6	None	
	Temperature(¡C)	1	2	3	4	5	6	7	8	9	10	11	12		
	27.40														
		0.0443	1.2497	1.2338	1.298	1.2679	1.2034	0.7845	0.378	0.2527	0.205	0.1934			
		0.0476	2.1825	2.2414	2.302	2.2669	2.2728	2.2607	2.2544	2.1453	1.6755	1.0656			
		0.0476	1.9737	2.2288	2.2476	2.2238	2.2159	2.2228	2.2272	2.2157	2.1862	1.9402			
		0.0479	2.2259	2.2683	2.2684	2.2715	2.266	2.2574	2.2342	2.2119	2.2173	2.0558			
		0.0457	2.1514	2.2511	2.2499	2.219	2.257	2.236	2.2483	2.2492	2.1919	2.1146			
		0.057	2.206	2.2228	2.2284	2.2261	2.2362	2.238	2.2494	2.253	2.2258	2.1827			
															
		
~End
Plate:	BT474_2 HNK/FLUVA	1.3	PlateFormat	Endpoint	Absorbance	Raw	FALSE	1						1	570	1	11	96	2	6	None	
	Temperature(¡C)	1	2	3	4	5	6	7	8	9	10	11	12		
	27.40														
		0.0449	1.0138	1.3933	1.3146	1.3479	1.248	0.7955	0.3358	0.2213	0.1962	0.198			
		0.0455	1.8495	2.24	2.2485	2.2611	2.2346	2.2233	2.1637	2.1306	1.6906	0.9979			
		0.0462	1.7933	2.2606	2.2631	2.2396	2.2453	2.2205	2.2272	2.1848	2.1546	1.8579			
		0.0451	2.1982	2.266	2.2642	2.2482	2.2303	2.2378	2.2013	2.2268	2.1859	1.9278			
		0.0449	2.188	2.2447	2.2634	2.2514	2.2454	2.2268	2.1981	2.2277	2.1979	2.0835			
		0.0441	2.1895	2.2231	2.247	2.2075	2.2458	2.2068	2.1446	2.1743	2.1393	2.1146			
															
		
~End
Plate:	BT474_3 HNK/FLUVA	1.3	PlateFormat	Endpoint	Absorbance	Raw	FALSE	1						1	570	1	11	96	2	6	None	
	Temperature(¡C)	1	2	3	4	5	6	7	8	9	10	11	12		
	27.40														
		0.0448	1.3815	1.3739	1.3154	1.3244	1.272	0.8706	0.3988	0.2469	0.2102	0.1945			
		0.0451	2.2489	2.2559	2.2815	2.2319	2.2756	2.2729	2.2321	2.1861	1.795	1.1045			
		0.0461	2.2344	2.2471	2.2325	2.2505	2.2507	2.2355	2.2478	2.2494	2.1974	2.0814			
		0.0463	2.2166	2.2469	2.2767	2.242	2.2619	2.2539	2.2437	2.2241	2.2192	2.0662			
		0.0445	2.2357	2.2562	2.2666	2.2477	2.278	2.2181	2.2173	2.2692	2.2391	2.1252			
		0.0459	2.2169	2.2561	2.2816	2.2652	2.2745	2.265	2.2251	2.2455	2.2459	2.1985			
															
		
~End
Plate:	MDA157_1 HNK/FLUVA	1.3	PlateFormat	Endpoint	Absorbance	Raw	FALSE	1						1	570	1	11	96	2	6	None	
	Temperature(¡C)	1	2	3	4	5	6	7	8	9	10	11	12		
	27.30														
		0.0482	0.9745	0.8743	0.8616	0.7216	0.5909	0.3706	0.2584	0.3188	0.3391	0.3215			
		0.0576	1.3196	1.3826	1.3646	1.4407	1.2498	0.8983	0.541	0.36	0.4098	0.3899			
		0.0459	1.396	1.5811	1.4772	1.4018	1.3282	0.9203	0.5747	0.4284	0.4006	0.4233			
		0.0467	1.5173	1.5675	1.6161	1.5355	1.527	1.0619	0.7257	0.4105	0.4225	0.4415			
		0.0507	1.5578	1.5773	1.6594	1.6625	1.3801	1.2392	0.6404	0.4803	0.4658	0.4587			
		0.0498	1.4936	1.4373	1.6111	1.5518	1.3804	0.9775	0.6174	0.4788	0.4283	0.4281			
															
		
~End
Plate:	MDA157_2 HNK/FLUVA	1.3	PlateFormat	Endpoint	Absorbance	Raw	FALSE	1						1	570	1	11	96	2	6	None	
	Temperature(¡C)	1	2	3	4	5	6	7	8	9	10	11	12		
	27.30														
		0.0609	1.5	1.4887	1.475	1.376	1.3039	1.0818	0.5968	0.3282	0.3263	0.3144			
		0.0483	1.6662	1.8379	1.8246	1.8584	1.755	1.6787	1.3526	0.6756	0.4114	0.3488			
		0.0469	1.7674	1.9942	1.923	1.9167	1.6637	1.7692	1.5565	1.0476	0.5972	0.3889			
		0.0473	1.8046	1.9386	1.9232	1.8796	1.8663	1.7465	1.773	1.3499	0.7378	0.4439			
		0.0486	1.8677	1.9175	1.9379	1.9633	1.9207	1.9168	1.8441	1.4542	0.8128	0.4764			
		0.0485	1.7285	1.7876	1.7304	1.8414	1.7547	1.8155	1.7012	1.3729	0.9088	0.4252			
															
		
~End
Plate:	MDA157_3 HNK/FLUVA	1.3	PlateFormat	Endpoint	Absorbance	Raw	FALSE	1						1	570	1	11	96	2	6	None	
	Temperature(¡C)	1	2	3	4	5	6	7	8	9	10	11	12		
	27.40														
		0.0453	0.8078	0.8407	0.8442	0.67	0.5381	0.336	0.2563	0.3054	0.3133	0.269			
		0.0471	1.3532	1.37	1.4601	1.4413	1.2785	0.977	0.5939	0.3644	0.3561	0.3853			
		0.0459	1.3833	1.4738	1.5201	1.4996	1.4156	1.2296	0.7372	0.448	0.4068	0.4054			
		0.0464	1.4634	1.526	1.5182	1.5685	1.4368	1.1706	0.712	0.3962	0.3988	0.4021			
		0.0465	1.4787	1.5384	1.5696	1.4984	1.4271	1.1855	0.7088	0.5022	0.4579	0.4407			
		0.0455	1.5145	1.4779	1.518	1.5321	1.4529	1.15	0.7773	0.4584	0.4411	0.4115			
															
		
~End
Plate:	HBL100_1 HNK/FLUVA	1.3	PlateFormat	Endpoint	Absorbance	Raw	FALSE	1						1	570	1	11	96	2	6	None	
	Temperature(¡C)	1	2	3	4	5	6	7	8	9	10	11	12		
	27.40														
		0.0465	0.8629	0.9221	1.0686	0.9279	0.8895	0.6221	0.1762	0.1493	0.146	0.1483			
		0.0493	1.7358	1.9325	1.865	1.9148	1.9191	1.7723	0.9679	0.1847	0.1557	0.1368			
		0.0465	1.6164	1.7344	1.8774	1.6564	1.787	1.6012	0.9502	0.2384	0.1646	0.1405			
		0.0482	1.8072	1.8734	1.8701	1.9223	1.846	1.8711	1.2396	0.421	0.1568	0.1417			
		0.0476	1.8941	1.9583	1.9955	2.048	1.886	1.811	1.1906	0.3811	0.1605	0.1554			
		0.0497	1.8044	1.8628	1.8014	1.5213	1.6415	1.673	1.3715	0.5962	0.1873	0.1437			
															
		
~End
Plate:	HBL100_2 HNK/FLUVA	1.3	PlateFormat	Endpoint	Absorbance	Raw	FALSE	1						1	570	1	11	96	2	6	None	
	Temperature(¡C)	1	2	3	4	5	6	7	8	9	10	11	12		
	27.40														
		0.0485	1.2019	1.1469	0.8923	1.1052	0.9974	0.6321	0.2051	0.1778	0.1652	0.1657			
		0.0561	1.7523	1.7569	1.8008	1.7782	1.841	1.6146	0.6646	0.2428	0.1978	0.1601			
		0.0577	1.8353	1.6702	1.7062	1.9138	1.7481	1.7359	1.0042	0.2838	0.1807	0.1714			
		0.0473	1.8884	1.7535	1.8468	1.8993	1.8519	1.8157	1.2342	0.4098	0.206	0.1589			
		0.049	1.7166	1.6932	1.8846	1.9207	1.9202	1.7256	1.2427	0.416	0.2063	0.1596			
		0.0459	1.5552	1.5172	1.4761	1.5554	1.4131	1.5803	1.1305	0.5628	0.2267	0.1565			
															
		
~End
Plate:	HBL100_3 HNK/FLUVA	1.3	PlateFormat	Endpoint	Absorbance	Raw	FALSE	1						1	570	1	11	96	2	6	None	
	Temperature(¡C)	1	2	3	4	5	6	7	8	9	10	11	12		
	27.40														
		0.0479	0.7084	0.8659	0.7084	0.6409	0.5948	0.4704	0.2294	0.1601	0.1648	0.166			
		0.0471	1.6751	1.7189	1.7018	1.6723	1.6076	1.4189	0.7	0.2041	0.1843	0.1735			
		0.0492	1.7331	1.6678	1.6828	1.7866	1.7676	1.7333	1.0419	0.2746	0.1868	0.1766			
		0.0462	1.7155	1.8681	1.5267	1.7577	1.6509	1.7054	1.1891	0.4412	0.192	0.1593			
		0.0482	1.5596	1.4225	1.4428	1.3117	1.428	1.4283	1.1187	0.428	0.1942	0.1643			
		0.0464	1.1183	1.0454	0.9764	0.8945	0.8874	0.9371	0.7375	0.538	0.271	0.1779			
															
		
~End
Plate:	SUM149_1 HNK/FLUVA	1.3	PlateFormat	Endpoint	Absorbance	Raw	FALSE	1						1	570	1	11	96	2	6	None	
	Temperature(¡C)	1	2	3	4	5	6	7	8	9	10	11	12		
	27.40														
		0.0458	0.1338	0.1334	0.1463	0.1432	0.1473	0.1395	0.1193	0.1264	0.1308	0.1232			
		0.0461	1.2381	1.2332	1.162	0.9223	0.4817	0.1783	0.1628	0.1401	0.1485	0.1335			
		0.0465	1.5609	1.6802	1.7031	1.4677	1.4264	0.7385	0.3591	0.2418	0.1544	0.1333			
		0.0461	1.9401	1.327	1.4809	1.4404	1.2294	1.2672	0.7307	0.4226	0.3211	0.1524			
		0.0454	1.8228	1.9542	1.6371	1.552	1.64	1.2352	1.2388	0.8528	0.4007	0.2164			
		0.0467	1.8242	1.8418	1.2257	1.8014	1.2283	1.1154	1.115	0.6246	0.4809	0.2889			
															
		
~End
Plate:	SUM149_2 HNK/FLUVA	1.3	PlateFormat	Endpoint	Absorbance	Raw	FALSE	1						1	570	1	11	96	2	6	None	
	Temperature(¡C)	1	2	3	4	5	6	7	8	9	10	11	12		
	27.40														
		0.0506	0.1269	0.1231	0.1204	0.1246	0.12	0.1197	0.1199	0.1144	0.1117	0.1122			
		0.0479	1.2854	1.2211	1.1186	0.8247	0.3957	0.1621	0.138	0.1369	0.1205	0.1191			
		0.0451	1.6682	1.6164	1.6422	1.6656	1.4893	0.7589	0.4577	0.229	0.1372	0.1431			
		0.0471	1.7007	1.6705	2.0136	1.79	1.5547	1.431	0.9964	0.6563	0.298	0.1484			
		0.0466	2.0109	2.0611	2.0966	1.8128	1.8352	1.3484	1.1259	0.7383	0.393	0.2286			
		0.0451	1.4905	1.9378	1.4519	1.9343	1.8974	1.7061	1.1006	0.9468	0.485	0.2488			
															
		
~End
Plate:	SUM149_3 HNK/FLUVA	1.3	PlateFormat	Endpoint	Absorbance	Raw	FALSE	1						1	570	1	11	96	2	6	None	
	Temperature(¡C)	1	2	3	4	5	6	7	8	9	10	11	12		
	27.40														
		0.0481	0.1196	0.1255	0.1347	0.1311	0.1242	0.1192	0.1245	0.1225	0.1156	0.1194			
		0.0496	1.3029	1.2227	1.13	0.7963	0.3517	0.1496	0.131	0.1271	0.1275	0.1125			
		0.0488	1.5465	1.7706	1.7703	1.6811	1.3272	0.9253	0.4604	0.2153	0.1515	0.1209			
		0.0473	1.5338	1.8664	1.4652	1.8935	1.5531	1.2674	0.8778	0.5819	0.2789	0.145			
		0.0497	2.0528	2.0418	1.9188	1.9606	1.8474	1.608	1.2307	0.7444	0.4006	0.2158			
		0.0456	1.9915	2.0726	1.9713	1.9342	1.8962	1.252	0.9904	0.8457	0.476	0.2427			
															
		
~End
Plate:	HDQP1_1 HNK/FLUVA	1.3	PlateFormat	Endpoint	Absorbance	Raw	FALSE	1						1	570	1	11	96	2	6	None	
	Temperature(¡C)	1	2	3	4	5	6	7	8	9	10	11	12		
	27.40														
		0.0539	2.1194	2.1369	2.1387	2.0914	2.0358	1.8963	1.5653	1.1972	0.9081	0.6966			
		0.0493	2.2949	2.2357	2.2915	2.2426	2.2128	1.9183	1.2372	0.7529	0.5315	0.5304			
		0.0483	2.2077	2.1541	2.2345	2.2315	2.28	2.2595	2.1138	1.6536	1.0801	0.8493			
		0.0468	2.2279	2.2265	2.251	2.2494	2.2417	2.1751	1.7739	1.1563	0.8512	0.472			
		0.0462	2.2293	2.1977	2.2369	2.2063	2.2551	2.2591	2.1748	1.8483	1.2705	0.9226			
		0.0456	2.2473	2.2332	2.1952	2.2002	2.2416	2.2367	2.0353	1.8938	1.2574	0.5139			
															
		
~End
Plate:	HDQP1_2 HNK/FLUVA	1.3	PlateFormat	Endpoint	Absorbance	Raw	FALSE	1						1	570	1	11	96	2	6	None	
	Temperature(¡C)	1	2	3	4	5	6	7	8	9	10	11	12		
	27.40														
		0.0448	2.0511	2.0928	2.0746	2.0904	2.0546	1.9171	1.4572	1.0608	0.811	0.6666			
		0.0453	2.3094	2.2757	2.2927	2.2777	2.2302	2.0004	1.4925	0.9487	0.6535	0.6148			
		0.0455	2.2181	2.2257	2.2377	2.2503	2.268	2.2101	2.0278	1.5731	1.103	0.7985			
		0.0452	2.2533	2.232	2.2578	2.252	2.2587	2.1664	1.8996	1.2249	1.1246	0.5018			
		0.0462	2.2581	2.1962	2.2458	2.2258	2.2638	2.2308	2.1744	1.9037	1.3336	0.9472			
		0.0464	2.2012	2.184	2.2085	2.1802	2.2279	2.2314	2.1658	1.8873	0.9475	0.8849			
															
		
~End
Plate:	HDQP1_3 HNK/FLUVA	1.3	PlateFormat	Endpoint	Absorbance	Raw	FALSE	1						1	570	1	11	96	2	6	None	
	Temperature(¡C)	1	2	3	4	5	6	7	8	9	10	11	12		
	27.40														
		0.0464	2.1378	2.1883	2.1813	2.172	2.1385	1.9936	1.558	1.0827	0.8059	0.6317			
		0.047	2.3159	2.2868	2.3114	2.296	2.2816	2.0568	1.4905	0.9953	0.6454	0.5222			
		0.0462	2.2638	2.2722	2.2882	2.2858	2.2968	2.2817	2.1571	1.6563	1.0967	0.8214			
		0.0464	2.2573	2.2529	2.2483	2.259	2.2475	2.14	1.8176	1.2692	0.8092	0.5359			
		0.0469	2.2875	2.2207	2.2617	2.2407	2.2679	2.255	2.2111	1.8803	1.3957	0.9666			
		0.0462	2.2541	2.2362	2.233	2.2083	2.2447	2.2538	2.2261	1.6591	1.4547	0.8673			
															
		
~End
Plate:	HCC38_1 HNK/FLUVA	1.3	PlateFormat	Endpoint	Absorbance	Raw	FALSE	1						1	570	1	11	96	2	6	None	
	Temperature(¡C)	1	2	3	4	5	6	7	8	9	10	11	12		
	27.50														
		0.0454	1.3792	1.4951	1.4593	1.3697	1.058	0.3413	0.188	0.1576	0.1467	0.1372			
		0.0461	1.8081	1.8468	1.8932	1.868	1.8942	1.4273	0.8509	0.2647	0.1886	0.161			
		0.0485	1.7604	1.7951	1.9602	1.776	1.8008	1.6623	1.3578	0.7021	0.3382	0.1706			
		0.0459	1.9162	2.0808	2.0236	2.0313	1.9879	1.8686	1.4998	0.9561	0.4724	0.2156			
		0.0502	1.8877	2.0265	2.0062	2.035	2.0187	1.8812	1.5765	1.0874	0.561	0.2414			
		0.0518	1.9552	1.8552	1.992	1.7963	1.9264	1.8819	1.5959	1.0806	0.5978	0.2747			
															
		
~End
Plate:	HCC38_2 HNK/FLUVA	1.3	PlateFormat	Endpoint	Absorbance	Raw	FALSE	1						1	570	1	11	96	2	6	None	
	Temperature(¡C)	1	2	3	4	5	6	7	8	9	10	11	12		
	27.50														
		0.0461	1.3744	1.372	1.3478	1.3196	0.9958	0.308	0.1827	0.1531	0.155	0.1424			
		0.0454	1.839	1.9384	1.9372	1.9272	1.8694	1.512	0.7352	0.2868	0.1743	0.1542			
		0.0472	1.7522	1.9026	1.8718	1.9357	1.8772	1.8212	1.4791	0.876	0.3357	0.186			
		0.0459	1.9535	1.9347	1.9241	1.8738	1.8663	1.7944	1.5132	1.0118	0.4819	0.2111			
		0.0455	1.9116	1.9537	1.9833	1.855	1.9421	1.8857	1.5758	1.0552	0.4901	0.2335			
		0.0475	1.879	1.9759	1.9404	1.7889	1.9121	1.8466	1.5854	0.9792	0.5775	0.2801			
															
		
~End
Plate:	HCC38_3 HNK/FLUVA	1.3	PlateFormat	Endpoint	Absorbance	Raw	FALSE	1						1	570	1	11	96	2	6	None	
	Temperature(¡C)	1	2	3	4	5	6	7	8	9	10	11	12		
	27.40														
		0.0459	1.3276	1.3865	1.4361	1.3107	0.8776	0.347	0.1648	0.1373	0.149	0.1367			
		0.0445	1.7664	1.8834	1.9663	1.8787	1.8752	1.5508	0.8498	0.2708	0.16	0.1489			
		0.0476	1.7978	1.8765	1.8447	1.856	1.8593	1.7828	1.5012	0.8706	0.3417	0.186			
		0.0458	1.8339	2.0646	2.0276	1.8784	1.9588	1.8541	1.5795	0.9767	0.4462	0.172			
		0.0454	1.9452	1.9727	1.9938	1.9587	2.0365	1.9195	1.5782	0.9787	0.5036	0.2283			
		0.0481	1.9786	1.8843	1.9318	1.9354	1.9118	1.8357	1.5512	1.0267	0.5394	0.2748			
															
		
~End
Plate:	MDA175VII_1 HNK/FLUVA	1.3	PlateFormat	Endpoint	Absorbance	Raw	FALSE	1						1	570	1	11	96	2	6	None	
	Temperature(¡C)	1	2	3	4	5	6	7	8	9	10	11	12		
	27.50														
		0.0488	1.1618	1.142	1.1131	1.1422	1.0508	1.0721	0.9502	1.0924	0.9907	0.8801			
		0.0453	1.8194	1.9771	1.9041	1.8905	1.8924	1.7144	1.6916	1.6565	1.6287	1.5344			
		0.045	1.9102	2.0566	1.9596	1.8884	1.7378	1.7302	1.7165	1.8162	1.6619	1.6486			
		0.0515	2.0631	2.0566	2.0574	1.9846	1.9669	1.9012	1.7918	1.7801	1.7553	1.4997			
		0.0536	2.0819	2.0772	2.0791	2.0224	1.9585	1.8009	1.8517	1.7418	1.7652	1.5753			
		0.0462	2.0231	2.0121	1.9925	1.957	1.8815	1.8862	1.7143	1.7386	1.6992	1.4509			
															
		
~End
Plate:	MDA175_2 HNK/FLUVA	1.3	PlateFormat	Endpoint	Absorbance	Raw	FALSE	1						1	570	1	11	96	2	6	None	
	Temperature(¡C)	1	2	3	4	5	6	7	8	9	10	11	12		
	27.40														
		0.0471	1.4439	1.2223	1.215	1.2597	1.1535	1.1414	1.1611	1.1658	1.0829	0.9616			
		0.0534	1.9838	1.9838	1.9963	1.9074	1.9281	1.8122	1.9334	1.8777	1.8361	1.7149			
		0.0467	2.0449	2.0602	2.0137	1.994	1.9732	1.9331	1.8765	1.8214	1.8305	1.744			
		0.0448	2.1105	2.1158	2.127	2.0694	2.0693	2.0829	2.0385	1.9683	1.9364	1.8564			
		0.0466	2.1556	2.1212	2.1083	2.0637	2.0725	2.0411	1.9509	1.9097	1.8552	1.8356			
		0.0464	2.1299	2.0778	2.0952	2.0931	2.0906	2.0694	1.9781	1.96	1.886	1.8504			
															
		
~End
Plate:	MDA175VII_3 HNK/FLUVA	1.3	PlateFormat	Endpoint	Absorbance	Raw	FALSE	1						1	570	1	11	96	2	6	None	
	Temperature(¡C)	1	2	3	4	5	6	7	8	9	10	11	12		
	27.50														
		0.0483	1.4837	1.3383	1.2123	1.2009	1.2168	1.124	1.0992	1.1822	1.1352	0.9716			
		0.0505	2.0015	2.0036	1.9635	1.9103	1.8582	1.8723	1.7771	1.8603	1.7583	1.6271			
		0.0494	2.0128	2.0663	1.9592	1.9484	1.8855	1.8685	1.751	1.8162	1.7395	1.6964			
		0.0466	2.1304	2.0572	2.1212	1.9803	1.9881	1.96	1.9342	1.959	1.7375	1.6472			
		0.0466	2.164	2.112	2.1231	2.0316	2.0298	1.9445	1.9439	1.8762	1.8094	1.7241			
		0.0467	2.1104	2.0471	2.0601	2.0091	2.0036	1.9158	1.8502	1.8199	1.7554	1.7048			
															
		
~End
Plate:	SW527_1 HNK/FLUVA	1.3	PlateFormat	Endpoint	Absorbance	Raw	FALSE	1						1	570	1	11	96	2	6	None	
	Temperature(¡C)	1	2	3	4	5	6	7	8	9	10	11	12		
	27.50														
		0.0468	1.6031	1.4414	1.2686	1.1558	0.7969	0.2218	0.1315	0.1292	0.1358	0.1365			
		0.0495	2.3324	2.3054	2.2643	2.2542	2.2398	1.9351	0.9488	0.1684	0.1401	0.142			
		0.0517	2.3329	2.3165	2.3071	2.2908	2.3028	2.215	1.2994	0.4336	0.1413	0.135			
		0.0512	2.3016	2.3144	2.326	2.2957	2.3009	2.208	1.5142	0.4811	0.161	0.1315			
		0.0505	2.3372	2.2798	2.3271	2.242	2.3217	2.2716	1.6339	0.7034	0.1951	0.1347			
		0.0465	2.2973	2.289	2.2975	2.2607	2.2838	2.2571	1.4686	0.6247	0.1666	0.1354			
															
		
~End
Plate:	SW527_2 HNK/FLUVA	1.3	PlateFormat	Endpoint	Absorbance	Raw	FALSE	1						1	570	1	11	96	2	6	None	
	Temperature(¡C)	1	2	3	4	5	6	7	8	9	10	11	12		
	27.40														
		0.0461	1.8286	1.8224	1.6475	1.2914	0.8987	0.2714	0.1577	0.1531	0.1561	0.1571			
		0.0469	2.3006	2.3154	2.3748	2.3385	2.3054	1.9432	0.7497	0.2087	0.1663	0.1627			
		0.0472	2.2569	2.3199	2.3177	2.2832	2.3426	2.2483	1.5067	0.435	0.1678	0.1714			
		0.052	2.3331	2.3318	2.2975	2.3286	2.3212	2.2708	1.6105	0.759	0.1781	0.1552			
		0.0462	2.3633	2.3257	2.369	2.3289	2.3638	2.3564	1.7203	0.9259	0.2327	0.167			
		0.0452	2.3507	2.3173	2.3017	2.3167	2.3588	2.3135	1.8307	1.0301	0.2125	0.1771			
															
		
~End
Plate:	SW527_3 HNK/FLUVA	1.3	PlateFormat	Endpoint	Absorbance	Raw	FALSE	1						1	570	1	11	96	2	6	None	
	Temperature(¡C)	1	2	3	4	5	6	7	8	9	10	11	12		
	27.50														
		0.0514	1.5237	1.4823	1.2215	1.224	0.8115	0.2164	0.146	0.1526	0.1526	0.1423			
		0.0477	2.306	2.3355	2.3029	2.3172	2.2655	2.0258	0.7671	0.1585	0.1413	0.1356			
		0.0482	2.2923	2.2915	2.3218	2.3053	2.2982	2.1979	1.5311	0.5294	0.1416	0.1388			
		0.0482	2.304	2.2891	2.2965	2.2851	2.3202	2.2507	1.5668	0.7624	0.1745	0.1443			
		0.0483	2.3731	2.3185	2.3889	2.31	2.3472	2.3042	1.4013	0.8174	0.1775	0.1405			
		0.0471	2.3151	2.3266	2.3038	2.3135	2.3132	2.2636	1.5625	0.8946	0.1698	0.141			
															
		
~End
Instrument type: Instrument serial number:
