##BLOCKS= 21         
Plate:	SKBR5_1 FLUVA/HNK	1.3	PlateFormat	Endpoint	Absorbance	Raw	FALSE	1						1	570	1	11	96	2	6	None	
	Temperature(¡C)	1	2	3	4	5	6	7	8	9	10	11	12		
	25.30														
		0.0459	1.0577	1.0718	1.0251	1.0069	0.9915	0.9776	0.337	0.6363	0.3146	0.2269			
		0.048	1.6886	1.619	1.6293	1.5694	1.5365	1.4171	1.1646	0.9692	0.7872	0.5279			
		0.0462	1.9953	1.9628	1.9726	1.9756	1.8797	1.7855	1.4455	0.6198	0.4504	0.3127			
		0.0468	2.0953	2.0535	2.0428	2.0621	2.0359	1.986	1.8098	1.451	1.161	0.7832			
		0.0469	2.1199	2.1048	2.0987	2.1248	2.0621	2.0637	1.7786	1.2827	1.0191	0.4644			
		0.0462	2.1472	2.1159	2.1219	2.0746	2.0524	2.0486	1.9446	1.7096	1.3787	1.0158			
															
		
~End
Plate:	SKBR5_2 FLUVA/HNK	1.3	PlateFormat	Endpoint	Absorbance	Raw	FALSE	1						1	570	1	11	96	2	6	None	
	Temperature(¡C)	1	2	3	4	5	6	7	8	9	10	11	12		
	25.30														
		0.0456	1.1015	1.1162	1.1402	1.0367	1.0983	1.0498	0.4394	0.7378	0.4862	0.3054			
		0.047	1.7949	1.7474	1.7049	1.6817	1.6491	1.5394	1.364	1.0844	0.8742	0.6206			
		0.0447	2.0368	2.03	1.9731	1.9856	1.9807	1.9013	1.565	1.0152	0.5691	0.3606			
		0.0496	2.1041	2.0965	2.0852	2.0781	2.0315	2.0234	1.8368	1.5995	1.2373	0.8471			
		0.0454	1.9633	2.1031	2.1363	2.1023	2.0791	2.0463	1.9064	1.3298	0.9104	0.5092			
		0.0464	2.1393	2.1479	2.1256	2.1385	2.1178	2.0917	2.0397	1.8235	1.4264	1.0667			
															
		
~End
Plate:	SKBR5_3 FLUVA/HNK	1.3	PlateFormat	Endpoint	Absorbance	Raw	FALSE	1						1	570	1	11	96	2	6	None	
	Temperature(¡C)	1	2	3	4	5	6	7	8	9	10	11	12		
	25.30														
		0.0462	1.0867	1.1347	1.1165	1.1385	1.1564	1.0771	0.4063	0.7637	0.5141	0.278			
		0.0479	1.7936	1.7827	1.7641	1.6933	1.7095	1.587	1.4107	1.1874	0.9126	0.593			
		0.046	2.0669	2.0326	2.0198	1.9691	1.9621	1.9518	1.5358	0.8031	0.6646	0.3915			
		0.0473	2.0582	2.1345	2.0848	2.0683	2.0866	2.0262	1.8621	1.6064	1.2706	0.884			
		0.0463	2.127	2.1445	2.1904	2.1529	2.1209	2.1068	1.9072	1.6554	1.0402	0.6605			
		0.0469	2.1573	2.1274	2.1249	2.1202	2.13	2.0829	1.9984	1.809	1.584	1.0981			
															
		
~End
Plate:	HCC1187_1 FLUVA/HNK	1.3	PlateFormat	Endpoint	Absorbance	Raw	FALSE	1						1	570	1	11	96	2	6	None	
	Temperature(¡C)	1	2	3	4	5	6	7	8	9	10	11	12		
	25.30														
		0.052	0.3681	0.4532	0.3918	0.3608	0.4096	0.1968	0.1043	0.1126	0.1036	0.1063			
		0.0463	1.6113	1.8145	1.8369	1.6536	1.7728	0.908	0.2642	0.1278	0.112	0.119			
		0.0487	2.0418	2.0112	2.0447	2.145	2.1494	2.0503	1.6278	0.4026	0.1213	0.1129			
		0.0463	1.8086	1.5169	1.8439	1.7355	1.5887	1.2931	0.4172	0.1446	0.1168	0.1113			
		0.0461	1.8805	2.2561	2.1419	2.2623	2.2335	2.246	1.631	0.2968	0.1429	0.1247			
		0.0463	1.2719	1.5934	1.3248	1.4903	1.4907	1.1114	0.1963	0.1305	0.109	0.1167			
															
		
~End
Plate:	HCC1187_2 FLUVA/HNK	1.3	PlateFormat	Endpoint	Absorbance	Raw	FALSE	1						1	570	1	11	96	2	6	None	
	Temperature(¡C)	1	2	3	4	5	6	7	8	9	10	11	12		
	25.40														
		0.046	0.3506	0.5061	0.3113	0.4076	0.4921	0.4096	0.1308	0.1266	0.115	0.1041			
		0.0449	1.6137	1.7957	2.0464	1.9215	1.7776	1.2535	0.5439	0.1562	0.118	0.1153			
		0.0454	1.9741	2.0117	2.1145	2.1627	2.0807	1.9056	0.9779	0.2837	0.1508	0.1083			
		0.0455	1.7119	1.8145	2.0159	1.7344	1.502	1.1787	0.5482	0.1782	0.1205	0.1085			
		0.0466	1.8317	2.1367	2.2684	2.132	2.2655	1.9313	1.8032	0.6932	0.1413	0.1179			
		0.0451	1.7254	2.016	1.8709	1.8131	1.4764	1.4239	0.6353	0.1487	0.1194	0.1109			
															
		
~End
Plate:	HCC1187_3 FLUVA/HNK	1.3	PlateFormat	Endpoint	Absorbance	Raw	FALSE	1						1	570	1	11	96	2	6	None	
	Temperature(¡C)	1	2	3	4	5	6	7	8	9	10	11	12		
	25.40														
		0.0507	0.4167	0.5045	0.274	0.4801	0.3344	0.2449	0.8376	0.1128	0.1052	0.1045			
		0.0457	1.9371	1.9048	1.9976	1.8817	1.9212	1.3931	0.4249	0.1713	0.116	0.1115			
		0.0449	2.235	2.1873	2.1572	2.2279	2.0861	1.8788	1.4949	0.3275	0.149	0.1067			
		0.0449	1.9889	1.9668	2.0907	2.0711	2.002	1.8448	0.894	0.2761	0.1262	0.1067			
		0.0471	2.0731	2.1578	2.2042	2.1349	2.1298	2.1263	1.3606	0.5917	0.1484	0.1333			
		0.0451	2.0985	2.0721	2.1194	2.1088	1.7889	1.8145	0.6802	0.1701	0.1374	0.1055			
															
		
~End
Plate:	HCC3153_1 FLUVA/HNK	1.3	PlateFormat	Endpoint	Absorbance	Raw	FALSE	1						1	570	1	11	96	2	6	None	
	Temperature(¡C)	1	2	3	4	5	6	7	8	9	10	11	12		
	25.40														
		0.0454	1.1533	1.1662	1.0825	0.9495	0.646	0.3778	0.1228	0.1598	0.1361	0.1207			
		0.048	1.6749	1.7258	1.7484	1.6014	1.3798	0.6944	0.3721	0.2394	0.1786	0.1567			
		0.0469	1.7617	1.7352	1.8137	1.6784	1.5784	0.8997	0.5165	0.2911	0.1996	0.1784			
		0.0459	1.5949	1.7091	1.7758	1.7883	1.5208	1.1803	0.5375	0.3405	0.219	0.1926			
		0.0519	1.71	1.7516	1.8389	1.8394	1.6712	1.3208	0.7687	0.3987	0.21	0.1951			
		0.0467	1.5695	1.8339	1.7869	1.9313	1.7617	1.1793	0.7638	0.4801	0.2646	0.1925			
															
		
~End
Plate:	HCC3153_2 FLUVA/HNK	1.3	PlateFormat	Endpoint	Absorbance	Raw	FALSE	1						1	570	1	11	96	2	6	None	
	Temperature(¡C)	1	2	3	4	5	6	7	8	9	10	11	12		
	25.40														
		0.0454	0.9725	1.0276	0.9303	0.8195	0.6007	0.583	0.1141	0.2004	0.1594	0.1329			
		0.0446	1.5515	1.4741	1.519	1.4119	1.1988	0.6559	0.382	0.2832	0.2282	0.1669			
		0.0453	1.5114	1.5084	1.5305	1.6122	1.3174	0.8687	0.5235	0.2777	0.2458	0.1791			
		0.0465	1.3677	1.5745	1.7301	1.5166	1.4569	1.1478	0.6249	0.3097	0.2413	0.1827			
		0.0479	1.5266	1.5148	1.6347	1.5063	1.4776	1.2487	0.7638	0.4314	0.2525	0.1924			
		0.0601	1.5501	1.6944	1.6438	1.6429	1.4191	1.2431	0.8247	0.3826	0.2934	0.2075			
															
		
~End
Plate:	HCC3153_3 FLUVA/HNK	1.3	PlateFormat	Endpoint	Absorbance	Raw	FALSE	1						1	570	1	11	96	2	6	None	
	Temperature(¡C)	1	2	3	4	5	6	7	8	9	10	11	12		
	25.40														
		0.0457	0.9399	0.9846	1.0028	0.8843	0.5716	0.3434	0.2587	0.1808	0.1482	0.1495			
		0.047	1.3744	1.4864	1.4889	1.358	1.1939	0.6514	0.3895	0.2356	0.2054	0.1794			
		0.0464	1.4154	1.426	1.5221	1.355	1.3997	0.8918	0.4764	0.2904	0.1993	0.1717			
		0.0468	1.5112	1.4509	1.6313	1.5186	1.3947	1.0811	0.4886	0.3595	0.2198	0.165			
		0.0451	1.5165	1.5692	1.5797	1.4731	1.4665	1.1629	0.6861	0.3402	0.2435	0.1989			
		0.0474	1.5349	1.5996	1.471	1.4681	1.4495	1.2346	0.6934	0.4713	0.2538	0.1875			
															
		
~End
Plate:	HDQP1_1 FLUVA/HNK	1.3	PlateFormat	Endpoint	Absorbance	Raw	FALSE	1						1	570	1	11	96	2	6	None	
	Temperature(¡C)	1	2	3	4	5	6	7	8	9	10	11	12		
	25.40														
		0.0467	1.8288	1.8416	1.714	1.6559	1.2445	0.5204	0.1183	0.1851	0.1837	0.1755			
		0.0529	1.8484	1.8006	1.8007	1.7646	1.7114	1.5375	1.0125	0.4231	0.2852	0.2282			
		0.0519	1.9288	1.8347	1.8085	1.7986	1.66	1.3498	0.9299	0.5234	0.2726	0.2088			
		0.0477	1.8459	1.8188	1.7933	1.7851	1.8048	1.7555	1.4182	0.9288	0.4812	0.2767			
		0.1019	1.7875	1.8382	1.81	1.7644	1.6632	1.5033	1.1191	0.6778	0.3584	0.2433			
		0.047	1.7551	1.7543	1.618	1.6758	1.6769	1.5593	1.3061	0.8959	0.5037	0.31			
															
		
~End
Plate:	HDQP1_2 FLUVA/HNK	1.3	PlateFormat	Endpoint	Absorbance	Raw	FALSE	1						1	570	1	11	96	2	6	None	
	Temperature(¡C)	1	2	3	4	5	6	7	8	9	10	11	12		
	25.40														
		0.0461	2.0711	2.0278	1.9564	1.796	1.3772	0.6995	0.1181	0.1913	0.1867	0.1958			
		0.0487	2.0342	1.9485	1.9765	1.9433	1.8596	1.6776	1.0329	0.4394	0.2953	0.2432			
		0.0482	1.9809	2.0152	2.0499	1.9437	1.8676	1.5384	1.1253	0.5435	0.247	0.2181			
		0.0469	1.987	1.9763	2.039	1.9849	1.934	1.8746	1.4606	0.9505	0.4243	0.2869			
		0.0468	1.9202	2.0332	2.0346	1.9902	1.8557	1.7241	1.2461	0.7199	0.365	0.2181			
		0.0496	1.9216	1.8871	1.8476	1.8774	1.7847	1.7035	1.3496	0.9949	0.6139	0.3164			
															
		
~End
Plate:	HDQP1_3 FLUVA/HNK	1.3	PlateFormat	Endpoint	Absorbance	Raw	FALSE	1						1	570	1	11	96	2	6	None	
	Temperature(¡C)	1	2	3	4	5	6	7	8	9	10	11	12		
	25.40														
		0.0491	1.8834	2.0805	2.0163	1.8987	1.5869	0.9216	0.116	0.2589	0.2196	0.2068			
		0.0468	2.019	2.0316	2.0465	2.026	1.9806	1.7838	1.121	0.5187	0.3126	0.2784			
		0.0473	2.0398	2.1604	2.1622	2.1297	1.9991	1.8416	1.2606	0.7091	0.3494	0.2388			
		0.049	2.048	2.1182	2.1042	2.1156	2.0633	2.1158	1.6923	1.1064	0.5092	0.3101			
		0.0479	2.0725	2.0833	2.1704	2.0704	1.9616	1.8469	1.4344	0.9233	0.4167	0.2657			
		0.0474	1.9483	2.0044	2.0279	1.9947	1.9252	1.7878	1.5673	1.1019	0.6006	0.4264			
															
		
~End
Plate:	MDA157_1 FLUVA/HNK	1.3	PlateFormat	Endpoint	Absorbance	Raw	FALSE	1						1	570	1	11	96	2	6	None	
	Temperature(¡C)	1	2	3	4	5	6	7	8	9	10	11	12		
	25.50														
		0.0465	1.3034	1.2516	1.118	1.0496	0.8807	0.4985	0.1071	0.2129	0.1881	0.1747			
		0.0473	1.5871	1.7261	1.6999	1.7213	1.6691	1.2061	0.4712	0.3058	0.2342	0.2228			
		0.0486	1.6099	1.7689	1.819	1.8017	1.6473	1.3567	0.6438	0.3407	0.2453	0.2096			
		0.0494	1.8057	1.8672	1.9317	1.8589	1.7472	1.4791	0.6912	0.3841	0.2412	0.2116			
		0.0475	1.7537	1.8783	1.9509	1.875	1.7224	1.3742	0.7511	0.3854	0.2348	0.1802			
		0.0484	1.5701	1.8404	1.7288	1.6925	1.6691	1.2999	0.5948	0.3045	0.2217	0.1707			
															
		
~End
Plate:	MDA157_2 FLUVA/HNK	1.3	PlateFormat	Endpoint	Absorbance	Raw	FALSE	1						1	570	1	11	96	2	6	None	
	Temperature(¡C)	1	2	3	4	5	6	7	8	9	10	11	12		
	25.50														
		0.0465	1.4265	1.2873	1.1729	1.1163	0.9043	0.4859	0.1185	0.2091	0.2454	0.2305			
		0.0492	1.6378	1.8164	1.8192	1.8163	1.733	0.9789	0.3916	0.2806	0.2049	0.2065			
		0.0481	1.7897	1.894	1.7743	1.7696	1.7277	1.1723	0.4177	0.2425	0.1974	0.2236			
		0.0475	1.8682	1.9534	1.8133	1.8047	1.8306	1.3863	0.551	0.2636	0.1853	0.2039			
		0.0498	1.9158	1.9722	1.9609	1.919	1.7643	1.4598	0.6477	0.273	0.197	0.2026			
		0.0495	1.5673	1.839	1.8502	1.8396	1.7039	1.3643	0.5254	0.3252	0.2008	0.2047			
															
		
~End
Plate:	MDA157_3 FLUVA/HNK	1.3	PlateFormat	Endpoint	Absorbance	Raw	FALSE	1						1	570	1	11	96	2	6	None	
	Temperature(¡C)	1	2	3	4	5	6	7	8	9	10	11	12		
	25.50														
		0.0489	1.3475	1.1664	1.1177	1.0746	0.9551	0.6404	0.1149	0.2516	0.2447	0.2632			
		0.0475	1.6046	1.8548	1.831	1.843	1.643	1.1602	0.5757	0.3197	0.2582	0.2982			
		0.0482	1.7245	1.8629	1.9116	1.9144	1.8115	1.4562	0.55	0.3453	0.2704	0.247			
		0.0485	1.9567	1.9543	2.0077	1.9606	1.8725	1.489	0.7161	0.3547	0.2143	0.2519			
		0.0496	1.8859	1.9374	2.0095	2.0074	1.8853	1.6218	0.6745	0.4063	0.2386	0.233			
		0.047	1.8082	1.9107	1.9468	1.9104	1.8281	1.3894	0.646	0.3637	0.2328	0.2178			
															
		
~End
Plate:	HCC1806_1 FLUVA/HNK	1.3	PlateFormat	Endpoint	Absorbance	Raw	FALSE	1						1	570	1	11	96	2	6	None	
	Temperature(¡C)	1	2	3	4	5	6	7	8	9	10	11	12		
	25.50														
		0.0553	1.4358	1.2204	1.1052	1.1186	1.3386	0.8846	0.1723	0.1281	0.1092	0.1169			
		0.0466	2.1234	2.1821	2.2026	2.1526	2.223	2.1511	1.443	0.445	0.1508	0.1163			
		0.0488	2.1444	2.1944	2.1532	2.2019	2.1284	2.1834	1.9493	0.8099	0.2456	0.1225			
		0.0466	2.03	2.2076	2.1832	2.1008	2.0785	2.1324	1.7347	0.7073	0.2053	0.122			
		0.049	2.0573	2.0845	2.1172	2.1134	2.166	2.147	1.7414	0.8012	0.2565	0.1145			
		0.0461	2.0082	2.1434	2.0798	2.1277	1.9935	1.9964	1.4227	0.5	0.2053	0.1267			
															
		
~End
Plate:	HCC1806_2 FLUVA/HNK	1.3	PlateFormat	Endpoint	Absorbance	Raw	FALSE	1						1	570	1	11	96	2	6	None	
	Temperature(¡C)	1	2	3	4	5	6	7	8	9	10	11	12		
	25.50														
		0.0466	1.2163	1.1162	1.1206	1.1045	1.1421	0.8316	0.1319	0.1374	0.113	0.1117			
		0.0453	2.0499	2.1929	2.1494	2.1158	2.1584	2.1297	1.6996	0.4653	0.1389	0.1093			
		0.048	2.1268	2.1938	2.2211	2.1655	2.1749	2.1307	1.8816	0.7522	0.1942	0.1209			
		0.0466	2.0498	2.0991	2.1186	2.1827	2.1704	1.9269	1.4751	0.5557	0.2006	0.1204			
		0.0446	2.118	2.1666	2.1866	2.1703	2.1867	2.1501	1.6693	0.6526	0.2502	0.1262			
		0.0457	1.8928	2.046	2.1275	2.0161	2.1093	1.9726	1.2817	0.4798	0.1741	0.1182			
															
		
~End
Plate:	HCC1806_3 FLUVA/HNK	1.3	PlateFormat	Endpoint	Absorbance	Raw	FALSE	1						1	570	1	11	96	2	6	None	
	Temperature(¡C)	1	2	3	4	5	6	7	8	9	10	11	12		
	25.50														
		0.0459	1.2786	1.1281	1.1505	1.0545	1.171	0.8318	0.1645	0.1188	0.1051	0.0955			
		0.0516	2.1446	2.1908	2.1916	2.1906	2.203	2.1902	1.615	0.451	0.1487	0.1026			
		0.0456	2.135	2.1448	2.2033	2.1503	2.1994	2.1463	1.681	0.5825	0.2316	0.1129			
		0.0458	2.0861	2.1084	2.1126	2.1703	2.1111	2.0428	1.5298	0.5243	0.1821	0.1159			
		0.0463	2.1252	2.0522	2.1826	2.177	2.1831	2.0342	1.5877	0.6265	0.2353	0.1222			
		0.046	1.8951	2.0388	2.0295	2.1341	1.9423	1.9826	1.3075	0.4543	0.1915	0.1205			
															
		
~End
Plate:	HCC1419_1 FLUVA/HNK	1.3	PlateFormat	Endpoint	Absorbance	Raw	FALSE	1						1	570	1	11	96	2	6	None	
	Temperature(¡C)	1	2	3	4	5	6	7	8	9	10	11	12		
	25.50														
		0.0491	2.1789	2.1694	2.1785	2.1762	2.1629	1.9028	0.5234	1.0675	0.6851	0.6091			
		0.0478	2.4078	2.3511	2.3904	2.3687	2.3425	2.358	2.2242	1.7787	1.207	0.7602			
		0.0468	2.3531	2.3551	2.3566	2.347	2.3285	2.3178	2.2731	2.1805	1.5896	1.1206			
		0.0519	2.3532	2.336	2.3509	2.3427	2.3342	2.326	2.2433	2.1733	1.6698	1.0007			
		0.0466	2.3716	2.309	2.3513	2.3445	2.3357	2.3006	2.2796	2.2522	1.7426	1.0548			
		0.0502	2.3408	2.3354	2.2985	2.3285	2.3005	2.3123	2.2694	2.1527	1.5544	0.9084			
															
		
~End
Plate:	HCC1419_2 FLUVA/HNK	1.3	PlateFormat	Endpoint	Absorbance	Raw	FALSE	1						1	570	1	11	96	2	6	None	
	Temperature(¡C)	1	2	3	4	5	6	7	8	9	10	11	12		
	25.50														
		0.0499	2.1192	2.1373	2.1452	2.0827	2.0831	1.8825	0.4637	0.8399	0.5225	0.2065			
		0.0486	2.4003	2.3755	2.411	2.3419	2.3526	2.3358	2.1061	1.5494	0.7296	0.3446			
		0.0513	2.3795	2.3717	2.3802	2.3619	2.3495	2.3484	2.2765	2.0734	1.495	0.6852			
		0.0542	2.3618	2.3628	2.3404	2.348	2.3423	2.3273	2.2362	2.0065	1.3047	0.664			
		0.0527	2.4107	2.3724	2.3924	2.3643	2.376	2.3444	2.3084	2.1611	1.6314	0.8507			
		0.0479	2.3534	2.3442	2.3443	2.3471	2.3612	2.345	2.2624	2.1031	1.4165	0.6523			
															
		
~End
Plate:	HCC1419_3 FLUVA/HNK	1.3	PlateFormat	Endpoint	Absorbance	Raw	FALSE	1						1	570	1	11	96	2	6	None	
	Temperature(¡C)	1	2	3	4	5	6	7	8	9	10	11	12		
	25.50														
		0.0496	2.0858	2.129	2.0609	2.0693	1.941	1.7578	0.2387	0.5896	0.383	0.1719			
		0.0472	2.3853	2.3514	2.3961	2.3329	2.3254	2.2935	1.9575	1.4394	0.6498	0.3466			
		0.0472	2.3749	2.3581	2.379	2.3476	2.3561	2.3305	2.2525	2.0224	1.274	0.6799			
		0.048	2.3571	2.3485	2.3225	2.3352	2.3233	2.3084	2.1794	1.8879	1.2356	0.5398			
		0.0502	2.3974	2.3585	2.4044	2.3674	2.3759	2.3291	2.2916	2.1425	1.6212	0.7344			
		0.0493	2.3385	2.341	2.3391	2.3426	2.3595	2.3308	2.2657	2.0109	1.2211	0.5265			
															
		
~End
Instrument type: Instrument serial number:
