##BLOCKS= 6          
Plate:	MX1_1 Fluva/HNK	1.3	PlateFormat	Endpoint	Absorbance	Raw	FALSE	1						1	570	1	11	96	2	6	None	
	Temperature(¡C)	1	2	3	4	5	6	7	8	9	10	11	12		
	27.90														
		0.0455	1.8733	1.9778	1.8059	1.796	1.6493	0.8395	0.3639	0.2177	0.2472	0.1986			
		0.0466	1.8315	1.9766	1.833	1.8918	1.8522	1.6528	1.4472	0.7071	0.3158	0.1962			
		0.0462	1.8792	1.9371	1.8034	1.8485	1.9196	1.7842	1.6259	1.197	0.7456	0.281			
		0.0451	1.7858	1.9056	1.8993	1.8809	1.8545	1.7717	1.6571	1.2838	0.8562	0.4142			
		0.0479	1.909	1.901	1.9243	1.9388	1.9208	1.899	1.6511	1.392	0.9906	0.5022			
		0.0471	1.9083	1.9374	1.8761	1.8997	1.8984	1.8846	1.6185	1.5081	1.2363	0.6689			
															
		
~End
Plate:	MX1_2 Fluva/HNK	1.3	PlateFormat	Endpoint	Absorbance	Raw	FALSE	1						1	570	1	11	96	2	6	None	
	Temperature(¡C)	1	2	3	4	5	6	7	8	9	10	11	12		
	28.00														
		0.0476	2.0834	2.1181	2.0414	1.9888	1.8527	1.3697	0.5322	0.4108	0.2108	0.2422			
		0.0467	2.0267	2.0374	1.9729	2.0641	2.0053	1.7745	1.4477	0.6659	0.2982	0.2467			
		0.0469	2.0385	1.9812	1.996	2.0057	2.0124	1.9557	1.7994	1.3967	0.7864	0.3684			
		0.0458	2.053	2.0744	2.0389	2.0847	2.0023	2.0401	1.8526	1.5072	1.0565	0.5587			
		0.0463	2.0883	2.0316	2.1193	2.1102	2.076	2.0304	1.9393	1.55	1.1864	0.677			
		0.0468	2.1085	1.9979	2.0495	2.0412	2.0811	2.0376	1.9655	1.5982	1.3121	0.7688			
															
		
~End
Plate:	MX1_3 Fluva/HNK	1.3	PlateFormat	Endpoint	Absorbance	Raw	FALSE	1						1	570	1	11	96	2	6	None	
	Temperature(¡C)	1	2	3	4	5	6	7	8	9	10	11	12		
	28.00														
		0.0466	1.754	1.7904	1.775	1.6947	1.593	1.021	0.4259	0.2133	0.2114	0.2152			
		0.0459	2.0792	2.0104	2.0121	2.084	2.0375	1.851	1.5444	0.8224	0.3067	0.2703			
		0.0492	2.0458	2.0793	2.0797	2.0968	2.0292	1.9992	1.7815	1.3776	0.8301	0.3449			
		0.0468	2.1189	2.176	2.1616	2.1265	2.1004	1.9879	1.8877	1.5808	1.1303	0.4601			
		0.0469	2.1464	2.1611	2.1479	2.2063	2.1473	2.1245	2.0656	1.7638	1.352	0.7852			
		0.0472	2.2012	2.1344	2.146	2.1668	2.1606	2.1201	2.0109	1.6833	1.3571	0.8836			
															
		
~End
Plate:	MX1_1 Fluva/NFV	1.3	PlateFormat	Endpoint	Absorbance	Raw	FALSE	1						1	570	1	11	96	2	6	None	
	Temperature(¡C)	1	2	3	4	5	6	7	8	9	10	11	12		
	28.00														
		0.0469	1.3678	1.3177	1.2076	1.159	1.1689	0.8123	0.5409	0.2321	0.1956	0.1576			
		0.0472	1.9218	1.8499	1.8863	1.8318	1.8392	1.7886	1.4261	0.8337	0.424	0.2437			
		0.0481	1.9504	1.949	2.0001	1.9993	1.9896	1.8447	1.6101	1.1964	0.7591	0.3174			
		0.0469	2.0555	2.1009	2.0707	2.1324	2.0819	2.0645	1.906	1.4002	0.9369	0.4345			
		0.0452	2.0818	2.1433	2.1537	2.1685	2.1981	2.0855	1.8837	1.5176	1.0883	0.5669			
		0.0458	2.0637	2.0426	2.0617	2.0874	2.0984	2.0659	1.9046	1.656	1.3724	0.7846			
															
		
~End
Plate:	MX1_2 Fluva/NFV	1.3	PlateFormat	Endpoint	Absorbance	Raw	FALSE	1						1	570	1	11	96	2	6	None	
	Temperature(¡C)	1	2	3	4	5	6	7	8	9	10	11	12		
	28.00														
		0.0471	1.2244	1.0966	1.1236	1.152	0.9084	0.6368	0.4539	0.2342	0.1724	0.1686			
		0.0466	1.9051	1.9324	1.9054	1.998	2.0902	1.985	1.6669	1.0727	0.5085	0.2291			
		0.0499	2.0315	2.0977	2.1087	2.122	2.0806	2.0549	1.8897	1.4376	0.818	0.3973			
		0.0466	2.1021	2.1438	2.1735	2.1224	2.1617	2.1027	1.9974	1.5531	1.0622	0.5242			
		0.0463	2.1603	2.1558	2.2203	2.2212	2.2247	2.1643	2.0819	1.6572	1.1792	0.5748			
		0.0487	2.112	2.1065	1.9961	2.0954	2.1314	2.1602	1.9554	1.8017	1.4451	0.9335			
															
		
~End
Plate:	MX1_3 Fluva/NFV	1.3	PlateFormat	Endpoint	Absorbance	Raw	FALSE	1						1	570	1	11	96	2	6	None	
	Temperature(¡C)	1	2	3	4	5	6	7	8	9	10	11	12		
	28.00														
		0.0476	1.2097	1.2372	1.2176	1.2035	1.035	0.7697	0.4597	0.2172	0.19	0.1733			
		0.0458	1.9887	1.9745	1.9602	2.0238	1.9749	1.8316	1.6352	1.0304	0.5443	0.2542			
		0.0466	2.0812	2.156	2.0818	2.1316	2.0898	2.0973	1.7626	1.4249	0.8105	0.4089			
		0.048	2.1678	2.1894	2.227	2.1798	2.2068	2.0868	1.8583	1.525	1.0921	0.5399			
		0.0465	2.1551	2.2289	2.2683	2.226	2.2078	2.1869	2.0206	1.7401	1.172	0.6658			
		0.046	2.1866	2.1386	2.1794	2.212	2.2129	2.1634	1.9911	1.7843	1.4427	0.9116			
															
		
~End
Instrument type: Instrument serial number:
