##BLOCKS= 16         
Note:~End
Plate:	HCC1937_Penn_1 HNK/FLUVA	1.3	PlateFormat	Endpoint	Absorbance	Raw	FALSE	1						1	570	1	11	96	2	6	None	
	Temperature(¡C)	1	2	3	4	5	6	7	8	9	10	11	12		
	25.80														
		0.0447	0.2419	0.2442	0.2638	0.2883	0.2485	0.1918	0.2098	0.156	0.138	0.1017			
		0.045	0.4619	0.5309	0.4826	0.5309	0.4999	0.4434	0.4273	0.305	0.1563	0.1271			
		0.0447	0.7503	0.7544	0.7283	0.758	0.7504	0.8096	0.6339	0.4982	0.1832	0.1498			
		0.0463	0.9922	1.0237	1.0429	1.0365	1.0328	0.9878	0.9592	0.8347	0.359	0.1541			
		0.0458	1.1668	1.185	1.2497	1.2605	1.2121	1.2631	1.2009	1.069	0.7929	0.196			
		0.0444	1.2096	1.2677	1.3211	1.3183	1.3357	1.3343	1.1666	1.1752	1.0801	0.5152			
															
		
~End
Plate:	HCC1937_Penn_2 HNK/FLUVA	1.3	PlateFormat	Endpoint	Absorbance	Raw	FALSE	1						1	570	1	11	96	2	6	None	
	Temperature(¡C)	1	2	3	4	5	6	7	8	9	10	11	12		
	25.80														
		0.0432	0.2759	0.3261	0.3132	0.3307	0.2858	0.2997	0.2582	0.1935	0.1428	0.1327			
		0.0444	0.5423	0.5964	0.5555	0.6034	0.5186	0.5496	0.4781	0.3003	0.1551	0.1313			
		0.0442	0.8379	0.88	0.7892	0.8412	0.8679	0.8649	0.8168	0.5779	0.2052	0.1544			
		0.0451	1.0397	1.1024	1.0971	1.2009	1.0275	1.1701	1.0971	0.9435	0.3244	0.1834			
		0.0448	1.2722	1.2888	1.2453	1.3399	1.2602	1.4487	1.384	1.2972	0.9532	0.2459			
		0.0466	1.3824	1.4086	1.4104	1.4979	1.469	1.4829	1.4353	1.4057	1.3048	0.4263			
															
		
~End
Plate:	HCC1937_Penn_3 HNK/FLUVA	1.3	PlateFormat	Endpoint	Absorbance	Raw	FALSE	1						1	570	1	11	96	2	6	None	
	Temperature(¡C)	1	2	3	4	5	6	7	8	9	10	11	12		
	25.80														
		0.0477	0.3027	0.3205	0.3356	0.3635	0.3606	0.3179	0.267	0.1955	0.158	0.1367			
		0.0457	0.6346	0.6451	0.6896	0.6759	0.6194	0.6408	0.5448	0.3513	0.1986	0.1597			
		0.0438	0.8707	0.9697	0.8937	0.835	0.9203	0.8259	0.8363	0.5295	0.222	0.1679			
		0.0451	1.1572	1.2223	1.2162	1.2962	1.223	1.2248	1.1833	1.0662	0.3762	0.2046			
		0.0459	1.3913	1.4	1.3129	1.4555	1.4527	1.4407	1.4384	1.3167	0.8971	0.2051			
		0.0448	1.4614	1.4376	1.5219	1.5023	1.5934	1.5324	1.4894	1.4687	1.2864	0.5947			
															
		
~End
Plate:	HCC1937_Penn_4 HNK/FLUVA	1.3	PlateFormat	Endpoint	Absorbance	Raw	FALSE	1						1	570	1	11	96	2	6	None	
	Temperature(¡C)	1	2	3	4	5	6	7	8	9	10	11	12		
	25.80														
		0.0452	0.0932	0.0994	0.101	0.0923	0.0911	0.0818	0.08	0.08	0.0894	0.0628			
		0.0474	0.2312	0.2396	0.2213	0.1814	0.1595	0.1167	0.0794	0.0748	0.0658	0.0613			
		0.0441	0.4292	0.3954	0.3717	0.322	0.3124	0.2227	0.1014	0.0772	0.0702	0.0632			
		0.046	0.6196	0.652	0.6083	0.6043	0.4966	0.4135	0.2091	0.0858	0.0717	0.0672			
		0.0456	0.8962	0.8907	0.8512	0.8632	0.7826	0.7288	0.4824	0.2408	0.0934	0.0726			
		0.0447	1.0544	1.0686	1.0218	1.0638	1.067	1.0257	0.9629	0.8353	0.5354	0.1762			
															
		
~End
Plate:	HCC1937_Penn_5 HNK/FLUVA	1.3	PlateFormat	Endpoint	Absorbance	Raw	FALSE	1						1	570	1	11	96	2	6	None	
	Temperature(¡C)	1	2	3	4	5	6	7	8	9	10	11	12		
	25.90														
		0.046	0.1025	0.0991	0.1033	0.099	0.1097	0.0963	0.0841	0.0808	0.0681	0.0677			
		0.0471	0.2189	0.2135	0.218	0.1923	0.162	0.1311	0.0868	0.0727	0.0691	0.064			
		0.0458	0.4472	0.3948	0.3481	0.3321	0.2722	0.1924	0.1047	0.0711	0.0662	0.0627			
		0.045	0.6672	0.6521	0.639	0.6139	0.5225	0.3974	0.2294	0.0872	0.0649	0.0645			
		0.0445	0.9073	0.898	0.9122	0.8854	0.8058	0.7303	0.5236	0.1958	0.0802	0.0755			
		0.0451	1.1559	1.2287	1.1525	1.1934	1.1723	1.1262	0.9892	0.8816	0.5202	0.1515			
															
		
~End
Plate:	HCC1937_Penn_6 HNK/FLUVA	1.3	PlateFormat	Endpoint	Absorbance	Raw	FALSE	1						1	570	1	11	96	2	6	None	
	Temperature(¡C)	1	2	3	4	5	6	7	8	9	10	11	12		
	25.90														
		0.0444	0.0843	0.0885	0.0852	0.0804	0.0765	0.0828	0.0794	0.0742	0.0707	0.0645			
		0.0443	0.2045	0.2149	0.1737	0.155	0.1183	0.1041	0.0777	0.075	0.0659	0.0656			
		0.0447	0.377	0.3713	0.3111	0.3047	0.2512	0.1889	0.0975	0.0741	0.0654	0.0656			
		0.0449	0.6143	0.6413	0.6036	0.5562	0.4662	0.3756	0.2094	0.0844	0.0662	0.0642			
		0.0445	0.8673	0.8508	0.8388	0.7963	0.7201	0.6848	0.4982	0.2092	0.0893	0.0731			
		0.0437	1.0228	1.0893	1.0541	1.0674	1.0229	1.0082	0.93	0.842	0.5237	0.1474			
															
		
~End
Instrument type: Instrument serial number:
