##BLOCKS= 27         
Plate:	HBL100_1 DP/FLUVA	1.3	PlateFormat	Endpoint	Absorbance	Raw	FALSE	1						1	570	1	11	96	2	6	None	
	Temperature(¡C)	1	2	3	4	5	6	7	8	9	10	11	12		
	27.10														
		0.0461	1.1675	1.1412	1.1779	1.4752	1.2671	0.9701	0.2314	0.1414	0.1379	0.1458			
		0.0506	1.7038	1.7117	1.6934	1.8088	1.6573	1.4679	0.2315	0.1458	0.1414	0.1472			
		0.0486	1.7166	1.7123	1.8015	1.7031	1.7723	1.3487	0.2042	0.1374	0.1428	0.1483			
		0.0464	1.943	1.8317	1.7993	1.7468	1.7757	1.6076	0.6117	0.1696	0.1428	0.1525			
		0.0463	1.8687	1.947	1.8707	1.8139	1.8536	1.7282	0.8423	0.2359	0.1521	0.1435			
		0.0468	1.7901	1.8453	1.7793	1.9011	1.8659	1.7069	1.3888	0.5957	0.2647	0.1596			
															
		
~End
Plate:	HBL100_2 DP/FLUVA	1.3	PlateFormat	Endpoint	Absorbance	Raw	FALSE	1						1	570	1	11	96	2	6	None	
	Temperature(¡C)	1	2	3	4	5	6	7	8	9	10	11	12		
	27.20														
		0.0459	1.4725	1.5339	1.563	1.479	1.4137	1.1298	0.2405	0.1415	0.1278	0.1301			
		0.0454	1.8879	1.8891	2.0713	2.0736	1.9759	1.6109	0.2477	0.1327	0.1228	0.1274			
		0.0488	1.8949	2.0302	2.015	1.952	2.0197	1.5566	0.2479	0.1392	0.1432	0.1371			
		0.0525	1.912	1.9532	2.0937	2.033	2.0592	1.9439	0.6541	0.1605	0.1228	0.1317			
		0.0504	1.9285	2.1635	2.0693	2.0649	2.05	1.9951	1.2353	0.2339	0.1306	0.1315			
		0.0481	2.0038	2.0091	2.0702	2.0814	2.0608	2.0791	1.5877	0.7614	0.2276	0.1458			
															
		
~End
Plate:	HBL100_3 DP/FLUVA	1.3	PlateFormat	Endpoint	Absorbance	Raw	FALSE	1						1	570	1	11	96	2	6	None	
	Temperature(¡C)	1	2	3	4	5	6	7	8	9	10	11	12		
	27.20														
		0.0449	1.1493	1.5205	1.5175	1.5259	1.3583	1.2996	0.3127	0.1296	0.1187	0.1359			
		0.045	1.8543	1.9352	1.988	1.8149	1.998	1.5445	0.2539	0.1326	0.1258	0.1124			
		0.0525	1.8037	1.9605	2.0501	1.8628	2.0095	1.5957	0.2282	0.1456	0.1285	0.1193			
		0.0459	2.0111	2.1181	2.0145	1.9482	1.944	1.8503	0.7047	0.1606	0.1243	0.1217			
		0.0461	2.1525	2.0962	2.1653	2.1051	2.1594	1.9718	1.1166	0.2388	0.1409	0.1302			
		0.0458	2.0415	2.1186	1.9603	1.9989	1.9609	2.0061	1.6153	0.7293	0.2411	0.1405			
															
		
~End
Plate:	MDA175VII_1 DP/FLUVA	1.3	PlateFormat	Endpoint	Absorbance	Raw	FALSE	1						1	570	1	11	96	2	6	None	
	Temperature(¡C)	1	2	3	4	5	6	7	8	9	10	11	12		
	27.20														
		0.047	1.8044	1.7562	1.7545	1.6923	1.7216	1.6865	1.6345	1.7203	1.5112	1.041			
		0.0494	2.1306	2.1121	2.0469	2.0366	2.0581	1.8846	1.9255	1.9353	1.9039	1.4801			
		0.0501	2.1658	2.0694	2.0882	2.0595	2.1041	2.0724	1.9807	1.9746	1.9112	1.7565			
		0.0633	2.1923	2.189	2.1384	2.1392	2.0688	2.1124	2.063	2.1152	1.9503	1.6566			
		0.0507	2.2426	2.1378	2.1426	2.1842	2.1303	2.0333	2.1128	2.099	1.9623	1.6294			
		0.0468	2.0859	2.0091	2.1024	2.0715	2.1512	2.0181	1.8994	1.8628	1.913	1.519			
															
		
~End
Plate:	MDA175VII_2 DP/FLUVA	1.3	PlateFormat	Endpoint	Absorbance	Raw	FALSE	1						1	570	1	11	96	2	6	None	
	Temperature(¡C)	1	2	3	4	5	6	7	8	9	10	11	12		
	27.10														
		0.0496	1.8889	1.8536	1.812	1.9139	1.887	1.864	1.7371	1.6688	1.4713	1.1405			
		0.0485	2.1765	2.1901	2.166	2.1803	2.1329	2.087	2.0971	2.0807	2.0181	1.5912			
		0.0472	2.2147	2.179	2.1425	2.1302	2.1288	2.1927	2.1585	2.1267	2.1193	1.9142			
		0.0474	2.2187	2.2055	2.2262	2.2249	2.1931	2.208	2.1484	2.1262	2.0435	1.8636			
		0.05	2.2421	2.1856	2.2221	2.1917	2.2174	2.1461	2.1367	2.1283	2.0724	1.9471			
		0.0481	2.114	2.1349	2.1837	2.1254	2.1742	2.0726	1.9877	2.0357	2.0206	1.6688			
															
		
~End
Plate:	MDA175VII_3 DP/FLUVA	1.3	PlateFormat	Endpoint	Absorbance	Raw	FALSE	1						1	570	1	11	96	2	6	None	
	Temperature(¡C)	1	2	3	4	5	6	7	8	9	10	11	12		
	27.20														
		0.0516	1.8794	1.824	1.8051	1.7973	1.8704	1.8392	1.7983	1.6682	1.5111	1.0588			
		0.0527	2.2211	2.1338	2.091	2.1293	2.0415	2.0348	1.9819	2.0138	2.0297	1.5641			
		0.0501	2.175	2.1613	2.1441	2.126	2.065	2.1162	2.048	2.0011	1.9416	1.8084			
		0.0511	2.201	2.1786	2.1644	2.1881	2.2102	2.1412	2.0913	2.0722	1.9237	1.7449			
		0.0494	2.2519	2.2322	2.2215	2.227	2.1803	2.1724	2.11	2.0491	2.0169	1.8294			
		0.048	2.1872	2.1533	2.1413	2.1493	2.1536	2.1063	2.0104	2.0329	1.992	1.7886			
															
		
~End
Plate:	SW527_1 DP/FLUVA	1.3	PlateFormat	Endpoint	Absorbance	Raw	FALSE	1						1	570	1	11	96	2	6	None	
	Temperature(¡C)	1	2	3	4	5	6	7	8	9	10	11	12		
	27.20														
		0.0503	1.0446	0.9655	0.834	0.8346	0.7804	0.3177	0.1461	0.1398	0.1267	0.1404			
		0.05	2.3658	2.3424	2.2525	2.2619	2.3511	1.6112	0.4443	0.1383	0.1371	0.1334			
		0.0585	2.3717	2.3596	2.3694	2.3725	2.3496	2.2461	0.8692	0.1291	0.1312	0.1366			
		0.0493	2.3703	2.3653	2.3527	2.3418	2.3637	2.2978	1.3272	0.2071	0.1249	0.1278			
		0.0476	2.4072	2.3583	2.4039	2.3836	2.3727	2.3439	1.9911	0.3517	0.1392	0.1365			
		0.0475	2.3437	2.3256	2.3556	2.3751	2.3879	2.3779	1.9412	0.7039	0.18	0.1455			
															
		
~End
Plate:	SW527_2 DP/FLUVA	1.3	PlateFormat	Endpoint	Absorbance	Raw	FALSE	1						1	570	1	11	96	2	6	None	
	Temperature(¡C)	1	2	3	4	5	6	7	8	9	10	11	12		
	27.20														
		0.0466	1.3209	0.9237	1.1247	0.9873	0.7457	0.3359	0.153	0.1511	0.1537	0.1588			
		0.0497	2.3198	2.2874	2.3333	2.2607	2.2559	1.7298	0.3477	0.139	0.1423	0.1424			
		0.0483	2.352	2.339	2.3442	2.3253	2.3615	2.177	0.8029	0.1599	0.1481	0.1404			
		0.0524	2.3434	2.352	2.3419	2.3219	2.3326	2.2944	1.1526	0.2426	0.1493	0.1404			
		0.0635	2.3824	2.3538	2.3538	2.3305	2.3404	2.3195	1.7473	0.557	0.1468	0.1433			
		0.0517	2.3167	2.3342	2.3396	2.3107	2.3393	2.2947	1.2474	0.6363	0.1921	0.1404			
															
		
~End
Plate:	SW527_3 DP/FLUVA	1.3	PlateFormat	Endpoint	Absorbance	Raw	FALSE	1						1	570	1	11	96	2	6	None	
	Temperature(¡C)	1	2	3	4	5	6	7	8	9	10	11	12		
	27.20														
		0.0486	1.5117	1.211	1.3399	1.0171	0.9766	0.3954	0.1855	0.1467	0.1354	0.1424			
		0.0496	2.3663	2.3294	2.3161	2.2745	2.2245	1.1312	0.2192	0.1441	0.1368	0.1271			
		0.0462	2.3334	2.3303	2.3239	2.2964	2.2738	2.0443	0.6762	0.1414	0.1305	0.1437			
		0.0511	2.3482	2.3694	2.3579	2.3385	2.3703	2.2197	1.0601	0.1597	0.1333	0.1415			
		0.0535	2.3973	2.3641	2.3825	2.3545	2.3772	2.3557	1.3545	0.3059	0.1468	0.1455			
		0.0464	2.3622	2.3154	2.3317	2.3451	2.3679	2.2811	1.2147	0.5005	0.1992	0.1346			
															
		
~End
Plate:	HCC1954_1 DP/FLUVA	1.3	PlateFormat	Endpoint	Absorbance	Raw	FALSE	1						1	570	1	11	96	2	6	None	
	Temperature(¡C)	1	2	3	4	5	6	7	8	9	10	11	12		
	27.20														
		0.047	0.8614	0.839	0.9245	0.8386	0.9224	0.8148	0.3542	0.1553	0.1447	0.1495			
		0.048	1.9853	1.8647	1.9016	1.9982	1.905	1.741	0.7649	0.2365	0.1912	0.1601			
		0.0495	2.1827	2.094	2.1241	2.1241	2.1612	2.1611	1.6135	0.6659	0.1977	0.1691			
		0.0498	2.182	2.12	2.1556	2.2009	2.0981	2.1571	1.8776	0.9121	0.4251	0.1641			
		0.0489	2.2686	2.2396	2.2543	2.2285	2.2311	2.2405	2.1566	1.72	0.7645	0.3059			
		0.0489	2.0221	2.0689	2.0924	2.1357	2.0499	2.0198	1.829	1.416	0.5466	0.3539			
															
		
~End
Plate:	HCC1954_2 DP/FLUVA	1.3	PlateFormat	Endpoint	Absorbance	Raw	FALSE	1						1	570	1	11	96	2	6	None	
	Temperature(¡C)	1	2	3	4	5	6	7	8	9	10	11	12		
	27.20														
		0.0529	1.0713	0.8903	1.0331	0.9252	0.9797	0.9338	0.3097	0.2079	0.1425	0.1474			
		0.0489	1.9257	1.9575	1.9312	1.8921	1.9497	1.8692	0.6848	0.2306	0.1652	0.1611			
		0.0515	2.1292	2.1363	2.137	2.0896	2.0703	2.0847	1.5652	0.6279	0.2335	0.1587			
		0.0489	2.1734	2.1409	2.1142	2.1372	2.1071	2.097	1.7408	1.0041	0.4307	0.1859			
		0.0487	2.2608	2.1973	2.2452	2.1428	2.2489	2.1438	2.13	1.5926	0.6362	0.2679			
		0.0509	1.9698	2.0716	2.0695	1.9997	2.0906	1.9424	1.6676	0.7054	0.45	0.3556			
															
		
~End
Plate:	HCC1954_3 DP/FLUVA	1.3	PlateFormat	Endpoint	Absorbance	Raw	FALSE	1						1	570	1	11	96	2	6	None	
	Temperature(¡C)	1	2	3	4	5	6	7	8	9	10	11	12		
	27.20														
		0.0461	1.0376	0.9676	1.1073	1.042	1.1158	1.0608	0.3153	0.1488	0.1422	0.1331			
		0.0502	1.8974	1.8768	2.0076	1.8912	1.9701	1.8724	0.6752	0.1848	0.1527	0.1527			
		0.0464	2.1474	2.1244	2.1246	2.1064	2.1348	2.0977	1.4843	0.5916	0.1684	0.1509			
		0.047	2.1478	2.1183	2.1464	2.0218	2.0713	2.1059	1.7019	0.8484	0.3774	0.1876			
		0.0466	2.2751	2.1965	2.2718	2.191	2.1994	2.1493	2.0946	1.6021	0.7299	0.2348			
		0.0487	2.0902	2.0867	2.0288	2.0722	2.0749	2.0428	1.785	0.9135	0.404	0.2384			
															
		
~End
Plate:	BT474_1 DP/FLUVA	1.3	PlateFormat	Endpoint	Absorbance	Raw	FALSE	1						1	570	1	11	96	2	6	None	
	Temperature(¡C)	1	2	3	4	5	6	7	8	9	10	11	12		
	27.30														
		0.048	1.8766	1.9221	1.9267	1.9076	1.8362	1.2189	0.5722	0.2699	0.203	0.2133			
		0.051	2.2137	2.1861	2.1851	2.1388	2.1633	2.0525	1.9075	1.1957	0.6284	0.258			
		0.0486	2.1973	2.2382	2.2116	2.1806	2.2058	2.1386	2.0766	2.0167	1.7092	0.8007			
		0.0476	2.2152	2.2083	2.1941	2.1727	2.1872	2.1942	2.159	2.1905	2.1179	1.785			
		0.0495	2.2685	2.2054	2.2414	2.1865	2.206	2.213	2.2215	2.2233	2.1736	2.1027			
		0.0517	2.1856	2.2143	2.2185	2.215	2.2178	2.2179	2.1889	2.1891	2.2077	2.1681			
															
		
~End
Plate:	BT474_2 DP/FLUVA	1.3	PlateFormat	Endpoint	Absorbance	Raw	FALSE	1						1	570	1	11	96	2	6	None	
	Temperature(¡C)	1	2	3	4	5	6	7	8	9	10	11	12		
	27.30														
		0.0487	2.06	2.0239	1.9593	1.9962	1.9635	1.4408	0.6409	0.2847	0.1922	0.1845			
		0.0505	2.2225	2.2411	2.234	2.2168	2.2085	2.1681	2.1069	1.5473	0.6947	0.2791			
		0.0474	2.2038	2.2305	2.2023	2.2061	2.2056	2.1978	2.0808	2.0527	1.6136	0.9689			
		0.0493	2.2491	2.2538	2.2473	2.2512	2.243	2.2463	2.2356	2.1879	2.1657	1.8284			
		0.0563	2.2637	2.224	2.2611	2.2686	2.2595	2.2397	2.2439	2.211	2.2071	2.0613			
		0.0488	2.2572	2.2394	2.2503	2.2632	2.2813	2.2897	2.2599	2.2433	2.2462	2.2175			
															
		
~End
Plate:	BT474_3 DP/FLUVA	1.3	PlateFormat	Endpoint	Absorbance	Raw	FALSE	1						1	570	1	11	96	2	6	None	
	Temperature(¡C)	1	2	3	4	5	6	7	8	9	10	11	12		
	27.30														
		0.0535	2.0843	2.0881	2.105	2.056	2.0213	1.5703	0.7287	0.2978	0.243	0.2134			
		0.0506	2.238	2.2544	2.2823	2.2304	2.2407	2.2268	2.0055	1.6321	0.7067	0.3563			
		0.052	2.2594	2.2612	2.2877	2.2916	2.2877	2.2491	2.228	2.1945	1.92	1.1773			
		0.0549	2.2888	2.2819	2.2874	2.296	2.2856	2.2848	2.2618	2.2488	2.1876	1.8192			
		0.0524	2.3002	2.2649	2.3185	2.2797	2.2946	2.2768	2.2525	2.2813	2.238	2.1782			
		0.0561	2.2848	2.2853	2.2536	2.2738	2.2624	2.2862	2.2574	2.2684	2.2807	2.2472			
															
		
~End
Plate:	SUM149_1 DP/FLUVA	1.3	PlateFormat	Endpoint	Absorbance	Raw	FALSE	1						1	570	1	11	96	2	6	None	
	Temperature(¡C)	1	2	3	4	5	6	7	8	9	10	11	12		
	27.30														
		0.0466	1.6649	1.6712	1.7102	1.558	0.9366	0.4063	0.1945	0.1372	0.1227	0.116			
		0.0455	1.9124	1.8238	1.7855	1.6692	1.4569	0.7914	0.3734	0.161	0.1266	0.1189			
		0.0458	1.8818	1.5986	1.7585	1.9331	1.6822	1.0952	0.6313	0.3712	0.1327	0.1215			
		0.0451	1.8024	1.7458	2.1203	1.9257	1.8809	1.5373	1.0667	0.5804	0.2179	0.1354			
		0.0455	1.9799	2.0079	2.0634	1.8641	1.9301	1.4251	1.1819	0.6953	0.315	0.1854			
		0.0473	1.5423	1.9263	1.4166	1.8477	1.7618	1.6091	0.9552	0.8623	0.3761	0.212			
															
		
~End
Plate:	SUM149_2 DP/FLUVA	1.3	PlateFormat	Endpoint	Absorbance	Raw	FALSE	1						1	570	1	11	96	2	6	None	
	Temperature(¡C)	1	2	3	4	5	6	7	8	9	10	11	12		
	27.20														
		0.0493	1.6293	1.6757	1.5576	1.2857	0.9742	0.4013	0.1844	0.1328	0.1195	0.113			
		0.0457	1.9491	1.8483	1.842	1.6256	1.4795	0.6477	0.242	0.1505	0.134	0.1207			
		0.0585	1.7098	1.8995	1.7568	1.875	1.414	0.9482	0.5078	0.2147	0.1292	0.1228			
		0.0462	1.9202	2.0203	2.0047	1.9636	1.8533	1.3811	0.8346	0.3673	0.1789	0.122			
		0.0441	2.0698	1.7794	1.9494	1.9729	1.8583	1.7109	0.9893	0.7365	0.3154	0.1764			
		0.0455	1.8875	1.9367	1.8929	1.7438	1.2751	1.5447	1.153	0.7834	0.365	0.2206			
															
		
~End
Plate:	SUM149_3 DP/FLUVA	1.3	PlateFormat	Endpoint	Absorbance	Raw	FALSE	1						1	570	1	11	96	2	6	None	
	Temperature(¡C)	1	2	3	4	5	6	7	8	9	10	11	12		
	27.30														
		0.045	1.7219	1.6733	1.5905	1.3365	1.022	0.4132	0.1946	0.125	0.1205	0.1239			
		0.0458	1.9918	1.9877	1.9274	1.6976	1.2603	0.7336	0.2552	0.1468	0.1243	0.117			
		0.0484	1.6625	2.1003	2.0661	1.9849	1.8156	1.2225	0.5914	0.2452	0.1453	0.1236			
		0.0474	1.5629	2.1344	1.6512	2.2048	1.6609	1.3607	0.8271	0.4661	0.2025	0.1217			
		0.048	2.136	2.1714	2.0274	2.1497	1.9416	1.8362	1.468	0.7138	0.374	0.1706			
		0.0576	1.9754	1.931	1.9425	1.9365	1.7807	1.1544	0.9271	0.7055	0.4348	0.2384			
															
		
~End
Plate:	HDQP1_1 DP/FLUVA	1.3	PlateFormat	Endpoint	Absorbance	Raw	FALSE	1						1	570	1	11	96	2	6	None	
	Temperature(¡C)	1	2	3	4	5	6	7	8	9	10	11	12		
	27.30														
		0.0477	2.2733	2.2758	2.289	2.299	2.2931	2.1237	1.3092	0.7421	0.5055	0.4949			
		0.0469	2.333	2.3406	2.357	2.3094	2.3315	2.0478	1.3086	0.6495	0.4435	0.3531			
		0.0592	2.2627	2.2946	2.2826	2.3095	2.3016	2.2395	1.7098	1.094	0.7727	0.6337			
		0.0526	2.2907	2.3076	2.2952	2.2972	2.2871	2.2942	1.4155	0.9466	0.5524	0.3172			
		0.0466	2.2177	2.2625	2.2889	2.2809	2.288	2.2867	2.2104	1.6854	1.1888	0.7565			
		0.046	2.2524	2.2426	2.2532	2.2603	2.2481	2.2228	2.0026	1.3726	0.8316	0.5649			
															
		
~End
Plate:	HDQP1_2 DP/FLUVA	1.3	PlateFormat	Endpoint	Absorbance	Raw	FALSE	1						1	570	1	11	96	2	6	None	
	Temperature(¡C)	1	2	3	4	5	6	7	8	9	10	11	12		
	27.30														
		0.0456	2.3072	2.3188	2.3079	2.3171	2.3207	2.1588	1.3297	0.7551	0.5753	0.5969			
		0.0468	2.355	2.349	2.3749	2.332	2.3216	2.0048	1.3728	0.6833	0.4828	0.3441			
		0.0468	2.2885	2.3078	2.2928	2.3162	2.2981	2.2442	1.771	1.229	0.8797	0.6529			
		0.0511	2.2712	2.3173	2.3063	2.3054	2.2915	2.2132	1.243	0.7825	0.5445	0.3439			
		0.0561	2.2717	2.2892	2.3045	2.2699	2.2894	2.2996	2.213	1.7648	1.2367	0.7704			
		0.0474	2.216	2.2672	2.2545	2.2544	2.2787	2.2402	2.0605	1.3788	0.8896	0.6212			
															
		
~End
Plate:	HDQP1_3 DP/FLUVA	1.3	PlateFormat	Endpoint	Absorbance	Raw	FALSE	1						1	570	1	11	96	2	6	None	
	Temperature(¡C)	1	2	3	4	5	6	7	8	9	10	11	12		
	27.30														
		0.0459	2.2278	2.3137	2.2964	2.2947	2.2836	2.0664	1.2086	0.6875	0.5477	0.4876			
		0.0473	2.3507	2.341	2.362	2.3255	2.2974	1.991	1.2353	0.7021	0.4264	0.3273			
		0.0466	2.2749	2.3094	2.2959	2.2918	2.3183	2.2372	1.7851	1.1453	0.8196	0.6569			
		0.0514	2.2866	2.2671	2.3023	2.299	2.2948	2.2104	1.2636	0.8291	0.4854	0.2987			
		0.0467	2.2203	2.2691	2.2851	2.253	2.2673	2.2702	2.1778	1.5779	1.0963	0.6743			
		0.0459	2.2629	2.2646	2.2644	2.2571	2.2645	2.1993	2.0419	1.3216	0.8788	0.5189			
															
		
~End
Plate:	MDA157_1 DP/FLUVA	1.3	PlateFormat	Endpoint	Absorbance	Raw	FALSE	1						1	570	1	11	96	2	6	None	
	Temperature(¡C)	1	2	3	4	5	6	7	8	9	10	11	12		
	27.30														
		0.051	1.6753	1.6051	1.5335	1.5228	1.3278	0.9001	0.2378	0.2961	0.2598	0.2594			
		0.0509	1.7791	1.903	1.8139	1.7853	1.5921	0.9814	0.3828	0.2831	0.307	0.278			
		0.0503	1.7514	1.9386	1.8188	1.842	1.6372	0.9608	0.4171	0.3119	0.2905	0.289			
		0.0479	1.8075	1.8424	1.7735	1.752	1.5931	1.0216	0.4941	0.3173	0.3041	0.2719			
		0.0497	1.777	1.834	1.7868	1.7291	1.5001	1.0712	0.5498	0.3669	0.3212	0.321			
		0.0523	1.5467	1.535	1.5137	1.3683	1.2421	0.9024	0.6216	0.5014	0.3425	0.2966			
															
		
~End
Plate:	MDA157_2 DP/FLUVA	1.3	PlateFormat	Endpoint	Absorbance	Raw	FALSE	1						1	570	1	11	96	2	6	None	
	Temperature(¡C)	1	2	3	4	5	6	7	8	9	10	11	12		
	27.30														
		0.0492	1.4945	1.5293	1.4707	1.4782	1.1879	0.7576	0.2026	0.1894	0.1931	0.1807			
		0.0501	1.6324	1.6753	1.6725	1.5589	1.4663	0.838	0.2993	0.2551	0.2748	0.221			
		0.0506	1.6105	1.7278	1.7059	1.5952	1.4619	0.7801	0.3667	0.2594	0.2524	0.2839			
		0.049	1.6011	1.6639	1.5898	1.7348	1.4478	1.0075	0.3927	0.2808	0.285	0.2458			
		0.047	1.6985	1.7209	1.7326	1.7098	1.51	1.1131	0.5341	0.2967	0.2819	0.2864			
		0.0469	1.5028	1.4331	1.491	1.3968	1.2088	0.9004	0.5308	0.3848	0.317	0.2837			
															
		
~End
Plate:	MDA157_3 DP/FLUVA	1.3	PlateFormat	Endpoint	Absorbance	Raw	FALSE	1						1	570	1	11	96	2	6	None	
	Temperature(¡C)	1	2	3	4	5	6	7	8	9	10	11	12		
	27.40														
		0.0472	1.4513	1.5127	1.4514	1.3829	1.3039	0.9041	0.2364	0.2	0.2273	0.1857			
		0.047	1.605	1.6675	1.6823	1.6695	1.4681	0.9229	0.3339	0.2293	0.2613	0.2196			
		0.0487	1.5147	1.7576	1.7105	1.6901	1.5365	0.9953	0.3484	0.2487	0.2683	0.2859			
		0.0486	1.6152	1.7529	1.7503	1.6698	1.4741	0.9599	0.4953	0.2709	0.2503	0.2406			
		0.0475	1.6472	1.7149	1.6655	1.6275	1.5109	1.0821	0.4466	0.2979	0.2525	0.2561			
		0.0488	1.6039	1.5701	1.3983	1.4484	1.2829	0.817	0.5353	0.3638	0.2941	0.2898			
															
		
~End
Plate:	HCC38_1 DP/FLUVA	1.3	PlateFormat	Endpoint	Absorbance	Raw	FALSE	1						1	570	1	11	96	2	6	None	
	Temperature(¡C)	1	2	3	4	5	6	7	8	9	10	11	12		
	27.40														
		0.0477	1.5207	1.6255	1.5163	1.5763	1.3317	0.3033	0.1466	0.1416	0.1472	0.1547			
		0.0467	1.9137	1.9752	2.0158	1.9488	1.9241	1.0075	0.2767	0.1689	0.1507	0.1546			
		0.047	1.9152	1.9501	2.0072	1.9829	1.9481	1.3827	0.6666	0.2983	0.1455	0.1511			
		0.0507	1.9706	1.9582	1.9522	1.9379	1.9453	1.7395	1.0874	0.576	0.25	0.1309			
		0.0466	1.9691	2.0651	2.0613	1.9589	2.0008	1.8472	1.408	0.7787	0.411	0.1969			
		0.0559	1.8817	1.7712	1.976	1.9335	1.9377	1.7401	1.5027	0.9732	0.5626	0.2708			
															
		
~End
Plate:	HCC38_2 DP/FLUVA	1.3	PlateFormat	Endpoint	Absorbance	Raw	FALSE	1						1	570	1	11	96	2	6	None	
	Temperature(¡C)	1	2	3	4	5	6	7	8	9	10	11	12		
	27.40														
		0.0487	1.5765	1.5401	1.4562	1.4174	1.3389	0.3395	0.1415	0.1407	0.1394	0.1502			
		0.0518	1.9023	1.8598	1.9026	1.7978	1.7474	0.7929	0.2304	0.1478	0.1494	0.1425			
		0.0546	1.7851	1.7922	1.7885	1.7815	1.7851	1.167	0.481	0.2325	0.1455	0.147			
		0.0466	1.9024	1.9218	1.8622	1.9666	1.7881	1.7152	0.9571	0.5257	0.1996	0.1211			
		0.0482	1.9247	1.9736	1.9083	1.9101	1.9841	1.7111	1.2929	0.6762	0.3461	0.1755			
		0.0473	1.815	1.7952	1.8589	1.7841	1.7986	1.696	1.3851	0.8702	0.4423	0.2501			
															
		
~End
Plate:	HCC38_3 DP/FLUVA	1.3	PlateFormat	Endpoint	Absorbance	Raw	FALSE	1						1	570	1	11	96	2	6	None	
	Temperature(¡C)	1	2	3	4	5	6	7	8	9	10	11	12		
	27.40														
		0.0468	1.1145	1.2545	1.193	1.2074	1.0676	0.341	0.1472	0.1418	0.1542	0.1414			
		0.0489	1.7817	1.9114	1.898	1.916	1.8124	0.7005	0.249	0.1525	0.1581	0.1345			
		0.0472	1.8904	1.9143	1.883	1.8768	1.8732	1.1502	0.5201	0.2497	0.1429	0.1602			
		0.0472	1.8568	1.9099	1.919	1.9189	1.889	1.7229	1.0674	0.5242	0.2337	0.1128			
		0.0483	1.7454	1.7123	1.7184	1.8021	1.8616	1.7383	1.3377	0.7118	0.3716	0.1854			
		0.0472	1.3751	1.3377	1.446	1.3355	1.4618	1.4315	1.3875	0.884	0.484	0.2437			
															
		
~End
Instrument type: Instrument serial number:
