##BLOCKS= 16         
Note:~End
Plate:	HCC1937_Penn_1 DP/FLUVA	1.3	PlateFormat	Endpoint	Absorbance	Raw	FALSE	1						1	570	1	11	96	2	6	None	
	Temperature(¡C)	1	2	3	4	5	6	7	8	9	10	11	12		
	25.70														
		0.0439	0.2457	0.254	0.2703	0.203	0.2265	0.1767	0.1471	0.1172	0.139	0.1011			
		0.0463	0.4701	0.521	0.3444	0.4787	0.402	0.3064	0.1963	0.1159	0.0831	0.1337			
		0.0454	0.6734	0.7181	0.7021	0.6693	0.6106	0.4744	0.2982	0.148	0.1389	0.1253			
		0.0424	0.9524	0.9727	0.9238	0.9035	0.8929	0.7299	0.5651	0.3203	0.2045	0.1591			
		0.0442	1.109	1.1711	1.1387	1.1091	1.088	1.0274	0.949	0.7276	0.4666	0.3163			
		0.0448	1.2034	1.2531	1.2754	1.3398	1.2807	1.2056	1.1651	1.1297	1.1042	0.8661			
															
		
~End
Plate:	HCC1937_Penn_2 DP/FLUVA	1.3	PlateFormat	Endpoint	Absorbance	Raw	FALSE	1						1	570	1	11	96	2	6	None	
	Temperature(¡C)	1	2	3	4	5	6	7	8	9	10	11	12		
	25.80														
		0.0444	0.259	0.2523	0.2626	0.24	0.213	0.1579	0.1377	0.1198	0.0995	0.0965			
		0.0446	0.4767	0.4859	0.4854	0.4437	0.4058	0.3058	0.1686	0.1332	0.1075	0.0983			
		0.0454	0.6395	0.681	0.6831	0.6831	0.6015	0.5377	0.3402	0.1091	0.1144	0.1241			
		0.0447	0.9196	0.9391	0.9549	0.4166	0.8618	0.7903	0.6231	0.3635	0.1774	0.1246			
		0.0439	1.0398	1.0716	1.1171	1.1445	1.0682	1.084	1.0092	0.801	0.5181	0.3451			
		0.046	1.218	1.2366	1.2079	1.3087	1.2858	1.2772	1.1349	1.1898	1.0392	0.7767			
															
		
~End
Plate:	HCC1937_Penn_3 DP/FLUVA	1.3	PlateFormat	Endpoint	Absorbance	Raw	FALSE	1						1	570	1	11	96	2	6	None	
	Temperature(¡C)	1	2	3	4	5	6	7	8	9	10	11	12		
	25.80														
		0.0474	0.2911	0.2707	0.2691	0.275	0.203	0.1731	0.1248	0.1172	0.1135	0.1046			
		0.0453	0.4988	0.5055	0.4682	0.4347	0.3966	0.3053	0.1867	0.1238	0.1199	0.104			
		0.0456	0.7177	0.734	0.6974	0.6848	0.725	0.5299	0.4137	0.2128	0.1192	0.1257			
		0.0444	0.9567	0.9299	0.9627	0.9795	0.9091	0.8321	0.6632	0.3544	0.1739	0.1334			
		0.0448	1.0879	1.123	1.1257	1.1905	1.1111	1.1718	1.1278	0.8253	0.5612	0.341			
		0.0445	1.1891	1.2058	1.2377	1.2538	1.2838	1.2909	1.1803	1.1656	1.0418	0.86			
															
		
~End
