##BLOCKS= 69         
Note:~End
Plate:	JIMT1 DP/FLUVA ARRAY	1.3	PlateFormat	Endpoint	Absorbance	Raw	FALSE	1						1	570	1	11	96	2	6	None	
	Temperature(¡C)	1	2	3	4	5	6	7	8	9	10	11	12		
	26.80														
		0.0464	0.5227	0.4663	0.5154	0.5305	0.5188	0.4028	0.1567	0.0971	0.0885	0.0876			
		0.0473	0.7593	0.6722	0.7431	0.6864	0.737	0.6739	0.3774	0.1167	0.0889	0.0877			
		0.0456	0.7709	0.7344	0.8765	0.803	0.9148	0.8634	0.5467	0.2052	0.0958	0.092			
		0.0461	0.8455	0.77	0.8037	0.9097	0.896	0.8671	0.5995	0.4049	0.1824	0.0982			
		0.0474	0.8353	0.8144	0.8087	0.8601	0.8985	0.9074	0.8275	0.5541	0.2871	0.1279			
		0.0468	0.8157	0.8745	0.8877	0.9045	0.9451	0.9778	0.9538	0.8234	0.5193	0.2819			
															
		
~End
Plate:	JIMT1_2 DP/FLUVA ARRAY	1.3	PlateFormat	Endpoint	Absorbance	Raw	FALSE	1						1	570	1	11	96	2	6	None	
	Temperature(¡C)	1	2	3	4	5	6	7	8	9	10	11	12		
	26.80														
		0.0446	0.5405	0.4346	0.4812	0.4708	0.4335	0.3534	0.1518	0.087	0.087	0.0862			
		0.0461	0.777	0.6847	0.7213	0.7175	0.7445	0.7239	0.4214	0.1398	0.0867	0.0865			
		0.0469	0.8453	0.7625	0.6972	0.9008	0.8565	0.7326	0.597	0.2597	0.1041	0.0863			
		0.0463	0.707	0.699	0.7172	0.6589	0.6642	0.6321	0.711	0.4167	0.1663	0.0897			
		0.0457	0.7914	0.7539	0.8148	0.8521	0.8004	0.9014	0.8178	0.6082	0.3014	0.1447			
		0.0454	0.941	0.8984	0.8286	0.8487	0.9354	0.8877	0.8744	0.7764	0.5156	0.2959			
															
		
~End
Plate:	DU145 DP/FLUVA ARRAY	1.3	PlateFormat	Endpoint	Absorbance	Raw	FALSE	1						1	570	1	11	96	2	6	None	
	Temperature(¡C)	1	2	3	4	5	6	7	8	9	10	11	12		
	26.80														
		0.0439	1.2615	1.2224	1.2682	1.1963	1.126	0.9771	0.5036	0.1448	0.0991	0.0916			
		0.0453	1.5914	1.5562	1.6519	1.5332	1.5157	1.4559	0.96	0.309	0.1156	0.0915			
		0.0463	1.6267	1.5924	1.6538	1.6125	1.4767	1.5443	1.2777	0.7327	0.26	0.1229			
		0.0455	1.5426	1.7082	1.7814	1.6861	1.6356	1.5482	1.3771	0.8778	0.3082	0.1498			
		0.045	1.5894	1.7121	1.6995	1.671	1.7096	1.65	1.4839	1.1154	0.6011	0.2418			
		0.0449	1.5367	1.5682	1.6658	1.6137	1.6534	1.4545	1.3426	0.9995	0.6714	0.2372			
															
		
~End
Plate:	DU145_2 DP/FLUVA ARRAY	1.3	PlateFormat	Endpoint	Absorbance	Raw	FALSE	1						1	570	1	11	96	2	6	None	
	Temperature(¡C)	1	2	3	4	5	6	7	8	9	10	11	12		
	26.80														
		0.0455	1.1426	1.1948	1.2896	1.3123	1.2921	1.1153	0.594	0.1631	0.1015	0.0916			
		0.0472	1.683	1.5999	1.7397	1.6768	1.6936	1.7484	1.2242	0.3821	0.1263	0.1033			
		0.0494	1.7654	1.787	1.7843	1.7883	1.8199	1.7316	1.5503	0.954	0.2892	0.1392			
		0.0522	1.8196	1.8196	1.792	1.8446	1.8587	1.8333	1.554	1.0316	0.4324	0.1403			
		0.0447	1.8436	1.8208	1.7702	1.8063	1.8428	1.7659	1.6438	1.272	0.6688	0.2641			
		0.0442	1.72	1.6995	1.821	1.8638	1.8998	1.7999	1.7449	1.209	0.7544	0.2873			
															
		
~End
Plate:	HCC1143 DP/FLUVA ARRAY	1.3	PlateFormat	Endpoint	Absorbance	Raw	FALSE	1						1	570	1	11	96	2	6	None	
	Temperature(¡C)	1	2	3	4	5	6	7	8	9	10	11	12		
	26.80														
		0.0445	1.2116	1.2113	1.2675	1.2503	1.3318	1.257	0.6237	0.2191	0.158	0.1324			
		0.0452	1.3173	1.4505	1.4461	1.4788	1.4704	1.409	1.1185	0.5415	0.2068	0.179			
		0.0548	1.402	1.4739	1.5187	1.4755	1.6312	1.583	1.3822	0.9489	0.3684	0.1856			
		0.0498	1.2181	1.3956	1.2501	1.3816	1.3741	1.3777	1.2377	1.138	0.7853	0.2846			
		0.0485	1.4633	1.5683	1.4767	1.516	1.6027	1.6039	1.5214	1.3758	1.0335	0.4933			
		0.0476	1.5167	1.6477	1.5065	1.6519	1.6486	1.6785	1.5783	1.5022	1.2604	0.8368			
															
		
~End
Plate:	HCC1143_2 DP/FLUVA ARRAY	1.3	PlateFormat	Endpoint	Absorbance	Raw	FALSE	1						1	570	1	11	96	2	6	None	
	Temperature(¡C)	1	2	3	4	5	6	7	8	9	10	11	12		
	26.90														
		0.0455	1.209	1.3223	1.3934	1.4546	1.3968	1.4481	0.78	0.2505	0.1709	0.1457			
		0.0456	1.4776	1.6369	1.7234	1.6771	1.7093	1.7365	1.4073	0.6597	0.2481	0.1837			
		0.0451	1.739	1.7687	1.828	1.697	1.691	1.7735	1.6096	1.0597	0.4202	0.1981			
		0.0449	1.6327	1.6718	1.7167	1.6247	1.817	1.7805	1.6593	1.3078	0.8282	0.3207			
		0.0452	1.6066	1.7376	1.6947	1.7689	1.798	1.8238	1.697	1.5798	1.2086	0.578			
		0.0453	1.7381	1.9005	1.8645	1.9535	1.8826	1.9188	1.743	1.8278	1.4235	0.967			
															
		
~End
Plate:	MDA231 DP/FLUVA ARRAY	1.3	PlateFormat	Endpoint	Absorbance	Raw	FALSE	1						1	570	1	11	96	2	6	None	
	Temperature(¡C)	1	2	3	4	5	6	7	8	9	10	11	12		
	26.90														
		0.0445	0.4996	0.4307	0.3224	0.1955	0.0943	0.0766	0.0729	0.0723	0.0747	0.0761			
		0.047	0.7192	0.7304	0.4887	0.2833	0.1385	0.0863	0.0816	0.0768	0.0775	0.0775			
		0.0447	0.9171	0.8049	0.5945	0.3795	0.2123	0.1014	0.0818	0.0762	0.0785	0.0792			
		0.0451	0.7856	0.7876	0.6164	0.3983	0.2213	0.1273	0.0886	0.0816	0.0832	0.0794			
		0.0444	0.9759	0.7883	0.6821	0.4292	0.2487	0.1422	0.0973	0.0807	0.0822	0.0792			
		0.0447	0.8714	0.8643	0.7227	0.5077	0.2693	0.1977	0.1169	0.087	0.085	0.0845			
															
		
~End
Plate:	MDA231_2 DP/FLUVA ARRAY	1.3	PlateFormat	Endpoint	Absorbance	Raw	FALSE	1						1	570	1	11	96	2	6	None	
	Temperature(¡C)	1	2	3	4	5	6	7	8	9	10	11	12		
	26.80														
		0.0457	0.7356	0.5753	0.4263	0.2888	0.1383	0.0939	0.0866	0.0945	0.0829	0.0854			
		0.0445	0.8958	0.9117	0.6295	0.3974	0.2239	0.1087	0.0957	0.0935	0.0907	0.0912			
		0.0456	1.049	0.9654	0.7107	0.4683	0.2901	0.1217	0.0991	0.0878	0.0873	0.0894			
		0.0463	1.0042	0.9258	0.6418	0.491	0.2613	0.1742	0.0949	0.0963	0.0889	0.0897			
		0.0468	1.1396	1.0135	0.8394	0.5317	0.3243	0.1889	0.1251	0.1011	0.0959	0.0953			
		0.0451	1.0338	0.9576	0.808	0.5749	0.3485	0.2428	0.16	0.1159	0.0993	0.0976			
															
		
~End
Plate:	CAL51 DP/FLUVA ARRAY	1.3	PlateFormat	Endpoint	Absorbance	Raw	FALSE	1						1	570	1	11	96	2	6	None	
	Temperature(¡C)	1	2	3	4	5	6	7	8	9	10	11	12		
	26.90														
		0.0452	1.7167	1.977	1.9716	2.1536	2.0665	1.4101	0.4693	0.0978	0.0791	0.0824			
		0.0452	2.2787	2.3327	2.3488	2.3211	2.2229	1.8634	0.9588	0.3184	0.0997	0.0823			
		0.0451	2.3145	2.3005	2.3229	2.2305	2.106	1.9206	1.0206	0.3705	0.1198	0.0836			
		0.046	2.2614	2.3346	2.2497	2.2146	2.0697	1.6399	0.9077	0.3914	0.1782	0.0841			
		0.045	2.3409	2.3093	2.2937	2.3074	2.2866	1.9753	1.372	0.5546	0.1656	0.0887			
		0.045	2.2905	2.2841	2.3147	2.301	2.271	2.0304	1.411	0.6062	0.236	0.1192			
															
		
~End
Plate:	CAL51_2 DP/FLUVA ARRAY	1.3	PlateFormat	Endpoint	Absorbance	Raw	FALSE	1						1	570	1	11	96	2	6	None	
	Temperature(¡C)	1	2	3	4	5	6	7	8	9	10	11	12		
	26.90														
		0.0449	2.0466	2.0587	2.2188	2.1835	2.0155	1.3134	0.4618	0.1254	0.0898	0.0907			
		0.0459	2.3888	2.3728	2.3917	2.3313	2.2605	1.856	1.0321	0.3183	0.108	0.0905			
		0.0454	2.3867	2.3637	2.285	2.3315	2.2121	1.903	1.307	0.3694	0.1122	0.0924			
		0.0452	2.3725	2.3513	2.3293	2.2945	2.1475	1.9014	1.4008	0.5526	0.1412	0.0904			
		0.0449	2.4064	2.3635	2.3447	2.3443	2.3253	2.0992	1.4743	0.682	0.2001	0.0972			
		0.0449	2.3586	2.3207	2.3444	2.3304	2.3405	2.1984	1.443	0.7131	0.288	0.1362			
															
		
~End
Plate:	HCC1419 DP/FLUVA ARRAY	1.3	PlateFormat	Endpoint	Absorbance	Raw	FALSE	1						1	570	1	11	96	2	6	None	
	Temperature(¡C)	1	2	3	4	5	6	7	8	9	10	11	12		
	26.90														
		0.0445	0.9755	0.9877	1.0023	1.0444	1.0257	0.894	0.3813	0.2338	0.1829	0.2078			
		0.044	1.1594	1.2882	1.3687	1.3998	1.3433	1.1133	0.3839	0.1985	0.1681	0.2148			
		0.0446	1.253	1.3935	1.4582	1.5858	1.4465	1.169	0.4524	0.2143	0.2164	0.2774			
		0.0448	1.2859	1.2796	1.3241	1.3613	1.35	1.1817	0.4665	0.2421	0.2603	0.2454			
		0.0453	1.3234	1.4062	1.4537	1.5688	1.5749	1.3143	0.6778	0.3287	0.2994	0.287			
		0.0453	1.3357	1.3448	1.4924	1.5467	1.4717	1.1819	0.7502	0.4654	0.3871	0.3906			
															
		
~End
Plate:	HCC1419_2 DP/FLUVA ARRAY	1.3	PlateFormat	Endpoint	Absorbance	Raw	FALSE	1						1	570	1	11	96	2	6	None	
	Temperature(¡C)	1	2	3	4	5	6	7	8	9	10	11	12		
	26.90														
		0.0442	1.018	1.0628	1.1973	1.1771	1.1684	1.0588	0.4711	0.2588	0.1933	0.228			
		0.0443	1.2339	1.3191	1.3287	1.3981	1.4249	1.2011	0.4326	0.2263	0.1858	0.2435			
		0.0446	1.3566	1.4674	1.456	1.4989	1.4145	1.3833	0.5849	0.2732	0.2521	0.2934			
		0.0449	1.3111	1.4705	1.4836	1.524	1.5285	1.3086	0.5453	0.272	0.2721	0.3013			
		0.0448	1.4612	1.4597	1.5266	1.5847	1.6307	1.3967	0.7774	0.4326	0.3187	0.4401			
		0.0446	1.3638	1.4043	1.5971	1.6126	1.5838	1.4231	0.949	0.6074	0.4923	0.5509			
															
		
~End
Plate:	AU655 DP/FLUVA ARRAY	1.3	PlateFormat	Endpoint	Absorbance	Raw	FALSE	1						1	570	1	11	96	2	6	None	
	Temperature(¡C)	1	2	3	4	5	6	7	8	9	10	11	12		
	26.90														
		0.0447	0.4924	0.5572	0.5011	0.5499	0.5611	0.4979	0.3691	0.1682	0.1196	0.1344			
		0.0454	0.8538	0.8217	0.8854	0.9391	0.9148	0.7991	0.632	0.2266	0.149	0.1348			
		0.0453	1.1151	1.1255	1.0646	1.1429	1.0658	1.0792	0.8534	0.3361	0.1553	0.1443			
		0.0453	1.1955	1.143	1.178	1.1608	1.1221	1.1952	0.9034	0.5949	0.2712	0.1593			
		0.0477	1.2333	1.3535	1.2457	1.2749	1.167	1.1539	1.0314	0.8326	0.3738	0.187			
		0.0476	1.1594	1.0583	1.1995	1.2227	1.2782	1.1493	1.0342	0.8127	0.5178	0.2666			
															
		
~End
Plate:	AU655_2 DP/FLUVA ARRAY	1.3	PlateFormat	Endpoint	Absorbance	Raw	FALSE	1						1	570	1	11	96	2	6	None	
	Temperature(¡C)	1	2	3	4	5	6	7	8	9	10	11	12		
	26.90														
		0.046	0.5189	0.4701	0.4819	0.5024	0.4751	0.4371	0.3156	0.1792	0.135	0.1455			
		0.0466	0.8274	0.8888	0.8069	0.8951	0.8861	0.7594	0.593	0.2137	0.1541	0.1538			
		0.0445	1.0118	0.9875	1.0527	1.1328	1.2106	0.9614	0.7859	0.3519	0.1768	0.1797			
		0.0469	1.0841	0.935	1.0997	1.0896	1.0873	1.0193	0.8486	0.4955	0.2542	0.1811			
		0.0451	1.166	1.2487	1.1	1.2802	1.2183	1.2604	0.9896	0.7735	0.4167	0.1843			
		0.048	1.2203	1.1194	1.0787	1.1215	1.1949	1.1627	0.9848	0.7832	0.4404	0.2432			
															
		
~End
Plate:	HCC1806 DP/FLUVA ARRAY	1.3	PlateFormat	Endpoint	Absorbance	Raw	FALSE	1						1	570	1	11	96	2	6	None	
	Temperature(¡C)	1	2	3	4	5	6	7	8	9	10	11	12		
	26.90														
		0.0442	0.6439	0.7814	0.7768	0.7886	0.7425	0.2914	0.0951	0.0843	0.0881	0.0886			
		0.045	1.0098	0.9337	0.9504	0.9596	0.9253	0.5341	0.2502	0.0886	0.0812	0.0851			
		0.0446	1.0415	1.0875	1.3289	1.1944	1.3158	0.839	0.4812	0.2568	0.088	0.0792			
		0.044	1.0474	0.9762	1.091	1.1616	1.2345	0.8398	0.5064	0.1712	0.0993	0.0888			
		0.045	1.055	1.0387	1.087	1.2108	1.0795	1.0151	0.5523	0.2721	0.1272	0.0892			
		0.0447	0.9861	1.112	1.1318	1.1466	1.1909	0.8696	0.5882	0.3536	0.1657	0.112			
															
		
~End
Plate:	HCC1806_2 DP/FLUVA ARRAY	1.3	PlateFormat	Endpoint	Absorbance	Raw	FALSE	1						1	570	1	11	96	2	6	None	
	Temperature(¡C)	1	2	3	4	5	6	7	8	9	10	11	12		
	26.90														
		0.0452	0.7515	0.7139	0.7192	0.7186	0.6197	0.2708	0.0994	0.0903	0.0875	0.0988			
		0.0451	1.0728	0.9251	0.8315	0.8738	0.8291	0.4781	0.1573	0.0931	0.0828	0.091			
		0.0455	1.1396	1.0572	1.0083	0.955	0.9198	0.6664	0.2667	0.1085	0.0879	0.0874			
		0.0444	1.0427	0.9837	0.9983	0.9845	0.9507	0.7301	0.2998	0.1597	0.0963	0.0842			
		0.0447	1.0802	1.0067	0.9279	1.1447	0.9996	0.8851	0.5732	0.2424	0.1246	0.0932			
		0.0461	1.1012	1.2147	0.9782	1.0814	1.0469	0.8851	0.6057	0.3061	0.1514	0.1102			
															
		
~End
Plate:	HCC3153 DP/FLUVA ARRAY	1.3	PlateFormat	Endpoint	Absorbance	Raw	FALSE	1						1	570	1	11	96	2	6	None	
	Temperature(¡C)	1	2	3	4	5	6	7	8	9	10	11	12		
	26.90														
		0.0445	0.9472	0.9559	0.9344	0.8082	0.4074	0.2019	0.1326	0.1164	0.121	0.1041			
		0.0447	0.9686	0.9908	0.9692	0.8986	0.601	0.244	0.1536	0.1198	0.1132	0.1166			
		0.0446	0.8934	0.9786	0.9639	0.8201	0.6518	0.3182	0.1975	0.1349	0.1498	0.1311			
		0.045	0.7359	0.8425	0.896	0.8857	0.6622	0.4152	0.2085	0.1658	0.1557	0.1461			
		0.0449	0.8414	0.8684	0.8947	0.8957	0.7633	0.5129	0.3118	0.1925	0.1525	0.1627			
		0.0477	0.7695	0.8499	0.8498	0.8376	0.7038	0.4912	0.3294	0.2197	0.1755	0.165			
															
		
~End
Plate:	HCC3153_2 DP/FLUVA ARRAY	1.3	PlateFormat	Endpoint	Absorbance	Raw	FALSE	1						1	570	1	11	96	2	6	None	
	Temperature(¡C)	1	2	3	4	5	6	7	8	9	10	11	12		
	27.00														
		0.0452	0.9319	0.9196	0.9316	0.7476	0.3732	0.1724	0.1115	0.0964	0.0953	0.0985			
		0.045	1.0358	1.0139	0.9604	0.9035	0.5292	0.2615	0.1555	0.1116	0.1063	0.1074			
		0.0441	1.0186	0.9796	0.9518	0.8607	0.6151	0.3548	0.1896	0.1235	0.1165	0.1223			
		0.0447	0.9139	0.9177	0.9145	0.8945	0.6836	0.4104	0.225	0.113	0.1378	0.1396			
		0.0441	0.9238	0.9435	0.8952	0.9064	0.7415	0.4647	0.2612	0.2021	0.1684	0.156			
		0.0443	0.8794	0.9077	0.8555	0.8219	0.7198	0.4551	0.2789	0.189	0.1498	0.1384			
															
		
~End
Plate:	MDA436 DP/FLUVA ARRAY	1.3	PlateFormat	Endpoint	Absorbance	Raw	FALSE	1						1	570	1	11	96	2	6	None	
	Temperature(¡C)	1	2	3	4	5	6	7	8	9	10	11	12		
	26.90														
		0.044	0.4773	0.4164	0.4348	0.3948	0.2377	0.097	0.0863	0.0843	0.0761	0.076			
		0.0454	0.6685	0.6152	0.6624	0.6344	0.4385	0.2122	0.0879	0.0775	0.0758	0.0767			
		0.0453	0.7918	0.8169	0.7553	0.7317	0.7178	0.4654	0.1588	0.0851	0.0845	0.0773			
		0.0444	0.7952	0.73	0.7699	0.7845	0.6099	0.6523	0.311	0.161	0.0893	0.0749			
		0.0442	0.7805	0.7344	1.0955	0.8704	0.817	0.6555	0.4434	0.2779	0.1308	0.0837			
		0.0456	0.8739	0.8508	0.7846	0.8382	0.8124	0.6394	0.4752	0.3365	0.2274	0.1168			
															
		
~End
Plate:	MDA436_2 DP/FLUVA ARRAY	1.3	PlateFormat	Endpoint	Absorbance	Raw	FALSE	1						1	570	1	11	96	2	6	None	
	Temperature(¡C)	1	2	3	4	5	6	7	8	9	10	11	12		
	27.00														
		0.0443	0.529	0.552	0.518	0.4879	0.2484	0.1211	0.0885	0.0833	0.083	0.0884			
		0.0441	0.7213	0.7167	0.8312	0.7706	0.4989	0.2087	0.1077	0.0779	0.0789	0.0806			
		0.045	0.7823	0.8844	0.8525	0.9513	0.716	0.4439	0.2078	0.0947	0.0852	0.0905			
		0.044	0.7977	0.7546	0.7397	0.6626	0.5855	0.4562	0.2941	0.1584	0.0912	0.0864			
		0.0443	0.8133	0.9997	0.9178	0.9183	0.7898	0.6614	0.4913	0.2812	0.1281	0.0937			
		0.0457	0.9311	0.8349	0.7326	0.7922	0.6941	0.5074	0.436	0.3364	0.2203	0.1411			
															
		
~End
Plate:	OCUB1 DP/FLUVA ARRAY	1.3	PlateFormat	Endpoint	Absorbance	Raw	FALSE	1						1	570	1	11	96	2	6	None	
	Temperature(¡C)	1	2	3	4	5	6	7	8	9	10	11	12		
	27.00														
		0.0451	0.3792	0.3846	0.4022	0.3998	0.4907	0.506	0.5018	0.2745	0.1221	0.1066			
		0.0451	0.6218	0.6173	0.621	0.7476	0.7697	0.8484	0.8596	0.3759	0.1169	0.0956			
		0.0447	0.7291	0.6884	0.7887	0.8057	0.9672	1.05	0.9251	0.625	0.236	0.1307			
		0.0448	0.7351	0.7287	0.6743	0.7996	0.8114	0.9637	0.8925	0.5516	0.3187	0.1457			
		0.0442	0.6914	0.7338	0.8273	0.9011	0.9282	1.0931	1.0133	0.8687	0.5796	0.2801			
		0.0442	0.7084	0.7451	0.7967	0.9964	1.0087	1.0631	1.1295	0.8355	0.567	0.2581			
															
		
~End
Plate:	OCUB1_2 DP/FLUVA ARRAY	1.3	PlateFormat	Endpoint	Absorbance	Raw	FALSE	1						1	570	1	11	96	2	6	None	
	Temperature(¡C)	1	2	3	4	5	6	7	8	9	10	11	12		
	27.00														
		0.0446	0.4132	0.4577	0.4731	0.4891	0.5214	0.5571	0.5529	0.2655	0.1175	0.1021			
		0.0458	0.6381	0.7235	0.7223	0.8088	0.8046	0.9336	0.8937	0.408	0.1209	0.1009			
		0.0456	0.7776	0.8655	0.8963	0.9409	0.9812	1.083	1.0466	0.5168	0.2235	0.1337			
		0.0449	0.7548	0.8975	0.978	1.0186	0.9585	1.1563	1.1249	0.6669	0.32	0.1545			
		0.0456	0.727	0.8669	0.9131	0.9138	1.0644	1.1699	1.0662	0.8719	0.4829	0.27			
		0.0454	0.9234	0.8834	0.8533	1.0219	1.158	1.2395	1.2133	0.9468	0.5928	0.2655			
															
		
~End
Plate:	CAMA1 DP/FLUVA ARRAY	1.3	PlateFormat	Endpoint	Absorbance	Raw	FALSE	1						1	570	1	11	96	2	6	None	
	Temperature(¡C)	1	2	3	4	5	6	7	8	9	10	11	12		
	27.00														
		0.0448	2.1785	2.2672	2.2846	2.2383	2.2208	2.2588	2.0885	1.2126	0.6665	0.5721			
		0.0443	2.44	2.4265	2.4442	2.4157	2.3979	2.4247	2.3367	1.5795	0.8707	0.6115			
		0.0446	2.3848	2.3789	2.3966	2.3991	2.4224	2.4111	2.3652	2.0824	1.4642	0.8443			
		0.0441	2.3911	2.3847	2.3654	2.3718	2.3414	2.3561	2.3441	2.1191	1.6742	1.3291			
		0.045	2.4142	2.3649	2.3696	2.3585	2.3733	2.3581	2.3193	2.277	2.0017	1.4097			
		0.0447	1.9274	2.1984	2.2362	2.2585	2.2466	2.2682	2.2143	1.8039	1.399	1.2105			
															
		
~End
Plate:	CAMA1_2 DP/FLUVA ARRAY	1.3	PlateFormat	Endpoint	Absorbance	Raw	FALSE	1						1	570	1	11	96	2	6	None	
	Temperature(¡C)	1	2	3	4	5	6	7	8	9	10	11	12		
	27.00														
		0.0449	2.2699	2.2435	2.3151	2.287	2.3068	2.2704	2.1013	1.2269	0.6463	0.5846			
		0.0445	2.4464	2.4261	2.4632	2.4368	2.436	2.4298	2.3959	1.689	0.8873	0.6798			
		0.045	2.4391	2.4332	2.4456	2.439	2.4317	2.4498	2.3962	2.0174	1.4135	0.8358			
		0.0457	2.4177	2.4214	2.4285	2.41	2.4275	2.4262	2.3783	2.1299	1.7529	1.4168			
		0.0451	2.4271	2.4108	2.4377	2.4145	2.4317	2.429	2.4171	2.3117	2.0332	1.5089			
		0.0454	2.1666	2.0473	2.2633	2.2351	2.2275	2.1672	2.1944	1.5857	1.5774	1.2789			
															
		
~End
Plate:	SUM149 DP/FLUVA ARRAY	1.3	PlateFormat	Endpoint	Absorbance	Raw	FALSE	1						1	570	1	11	96	2	6	None	
	Temperature(¡C)	1	2	3	4	5	6	7	8	9	10	11	12		
	27.00														
		0.0501	0.8424	0.8094	0.4994	0.6505	0.341	0.1795	0.0952	0.0858	0.0837	0.0836			
		0.046	1.1071	1.1131	0.8603	0.7859	0.7433	0.3597	0.1616	0.0918	0.0797	0.0807			
		0.0502	1.1474	0.7367	1.1725	0.7006	1.0846	0.7219	0.3661	0.1737	0.0935	0.0848			
		0.0466	0.694	0.6832	1.1542	1.1719	0.7762	0.8113	0.413	0.3051	0.1252	0.097			
		0.0457	0.9873	0.7513	0.8656	1.2046	0.7946	0.875	0.6824	0.367	0.1754	0.1189			
		0.0478	0.4489	1.1508	0.5522	1.1445	0.7324	0.4127	0.5161	0.507	0.3386	0.1891			
															
		
~End
Plate:	SUM149_2 DP/FLUVA ARRAY	1.3	PlateFormat	Endpoint	Absorbance	Raw	FALSE	1						1	570	1	11	96	2	6	None	
	Temperature(¡C)	1	2	3	4	5	6	7	8	9	10	11	12		
	27.00														
		0.0443	0.7705	0.7013	0.7234	0.4856	0.2264	0.1391	0.0877	0.0806	0.0803	0.079			
		0.046	1.0651	1.0488	0.7686	0.8822	0.4249	0.3557	0.1875	0.096	0.0801	0.0824			
		0.0451	1.0967	0.8922	0.6809	0.7291	0.9938	0.6707	0.3446	0.1658	0.0918	0.0829			
		0.047	1.0685	1.1081	1.1817	0.8464	1.0589	0.5543	0.5959	0.2196	0.1425	0.099			
		0.0476	1.0015	1.1396	1.1344	0.7265	0.8874	1.0004	0.4622	0.4687	0.236	0.1095			
		0.045	0.4858	1.0903	1.0209	0.5637	1.0387	0.5288	0.4486	0.3886	0.2794	0.1438			
															
		
~End
Plate:	HCC1428 DP/FLUVA ARRAY	1.3	PlateFormat	Endpoint	Absorbance	Raw	FALSE	1						1	570	1	11	96	2	6	None	
	Temperature(¡C)	1	2	3	4	5	6	7	8	9	10	11	12		
	27.10														
		0.0477	1.1272	1.1824	1.1586	1.1759	1.1434	1.1585	0.9376	0.4795	0.2119	0.2115			
		0.0465	1.4696	1.601	1.4971	1.5157	1.5117	1.4933	1.3476	0.6183	0.2442	0.2213			
		0.0448	1.5936	1.6972	1.6772	1.6691	1.708	1.5447	1.3467	0.9865	0.3137	0.2516			
		0.0446	1.5333	1.6006	1.7148	1.6506	1.6015	1.6021	1.5035	1.1937	0.6337	0.2664			
		0.0451	1.6083	1.7251	1.7216	1.7438	1.781	1.6952	1.5685	1.3731	0.8361	0.3595			
		0.0472	1.4131	1.5551	1.5843	1.5963	1.5935	1.4909	1.3143	1.1493	0.7408	0.2995			
															
		
~End
Plate:	HCC1428_2 DP/FLUVA ARRAY	1.3	PlateFormat	Endpoint	Absorbance	Raw	FALSE	1						1	570	1	11	96	2	6	None	
	Temperature(¡C)	1	2	3	4	5	6	7	8	9	10	11	12		
	27.00														
		0.0441	1.3705	1.3669	1.4214	1.3659	1.3746	1.3687	1.1125	0.3503	0.2137	0.1649			
		0.0465	1.6117	1.6552	1.7169	1.686	1.6591	1.6561	1.4837	0.9378	0.3125	0.2153			
		0.0442	1.833	1.9303	1.8921	1.8575	1.8667	1.785	1.6343	1.1143	0.8108	0.259			
		0.0474	1.6851	1.6453	1.7053	1.7346	1.7244	1.6793	1.6194	1.2998	0.6392	0.2919			
		0.0452	1.8728	1.8004	1.9765	1.8073	1.9468	1.923	1.8123	1.405	1.0503	0.3755			
		0.0457	1.5313	1.5276	1.5299	1.5397	1.5841	1.5423	1.4377	1.2611	0.8476	0.4074			
															
		
~End
Plate:	BT20 DP/FLUVA ARRAY	1.3	PlateFormat	Endpoint	Absorbance	Raw	FALSE	1						1	570	1	11	96	2	6	None	
	Temperature(¡C)	1	2	3	4	5	6	7	8	9	10	11	12		
	27.10														
		0.0453	0.8043	0.8235	0.8141	0.8013	0.7775	0.7287	0.3713	0.1132	0.0921	0.0972			
		0.046	0.8622	0.8823	0.9385	0.8744	0.8851	0.7597	0.4525	0.1213	0.0949	0.0961			
		0.0493	0.888	0.8751	0.9089	1.079	0.9462	0.9142	0.4946	0.326	0.1231	0.0943			
		0.0463	0.848	0.8517	0.9624	0.9975	1.0088	0.8529	0.638	0.3588	0.0984	0.0947			
		0.0453	0.8866	0.884	0.9675	0.9057	0.8411	0.8716	0.7607	0.2583	0.1147	0.0998			
		0.0443	0.8484	0.8399	0.8065	0.8273	0.8542	0.8382	0.7339	0.4177	0.1535	0.1207			
															
		
~End
Plate:	BT20_2 DP/FLUVA ARRAY	1.3	PlateFormat	Endpoint	Absorbance	Raw	FALSE	1						1	570	1	11	96	2	6	None	
	Temperature(¡C)	1	2	3	4	5	6	7	8	9	10	11	12		
	27.10														
		0.0457	0.968	0.9936	0.8915	0.9301	0.9249	0.8001	0.4387	0.115	0.0995	0.097			
		0.047	1.0287	1.0156	1.0167	0.9816	0.937	0.86	0.4516	0.1312	0.0978	0.096			
		0.0452	0.9538	0.9697	0.9893	0.9981	0.9515	0.8409	0.3709	0.1279	0.0995	0.096			
		0.0451	0.9818	0.9939	0.9927	1.0061	0.9915	0.956	0.5692	0.1817	0.1014	0.0947			
		0.0459	1.0356	0.9671	0.9856	0.9602	0.9416	0.8587	0.6544	0.2757	0.1225	0.0892			
		0.0466	0.9167	0.9569	0.9637	0.952	0.9504	0.9013	0.7846	0.4954	0.1744	0.1002			
															
		
~End
Plate:	T47D DP/FLUVA ARRAY	1.3	PlateFormat	Endpoint	Absorbance	Raw	FALSE	1						1	570	1	11	96	2	6	None	
	Temperature(¡C)	1	2	3	4	5	6	7	8	9	10	11	12		
	27.10														
		0.0444	1.0218	0.9812	0.9703	0.9476	0.8885	0.7066	0.2819	0.1402	0.1025	0.1113			
		0.0449	1.4252	1.3966	1.4031	1.4165	1.3307	1.1066	0.3996	0.159	0.1107	0.1004			
		0.0447	1.6428	1.7181	1.6872	1.6849	1.7172	1.5154	1.212	0.5279	0.1844	0.1398			
		0.0457	1.7147	1.8511	1.7653	1.8511	1.8059	1.7315	1.5357	1.0364	0.4466	0.2239			
		0.0445	1.9052	1.9183	1.8686	1.8816	1.9497	1.8751	1.8384	1.4989	0.8807	0.366			
		0.0454	1.9633	2.0103	1.9825	1.9838	1.8795	1.8325	1.7809	1.5625	1.2562	0.7388			
															
		
~End
Plate:	T47D_2 DP/FLUVA ARRAY	1.3	PlateFormat	Endpoint	Absorbance	Raw	FALSE	1						1	570	1	11	96	2	6	None	
	Temperature(¡C)	1	2	3	4	5	6	7	8	9	10	11	12		
	27.10														
		0.0443	1.084	1.0626	1.0419	1.03	1.0296	0.8467	0.319	0.1619	0.1273	0.1369			
		0.0464	1.5808	1.5958	1.5521	1.6111	1.5608	1.3019	0.5596	0.2138	0.138	0.1161			
		0.0451	1.7869	1.9007	1.8898	1.8469	1.8661	1.6469	1.2608	0.5129	0.1926	0.1475			
		0.0471	1.8972	1.9915	2.0086	2.0178	1.9231	1.8899	1.7512	1.2937	0.512	0.2554			
		0.0452	1.9188	2.057	2.0713	2.1045	2.1077	1.9957	1.9115	1.5922	0.9475	0.4337			
		0.0452	2.003	2.043	2.0544	2.0262	2.0132	2.0313	1.8508	1.7458	1.3487	0.7796			
															
		
~End
Plate:	HCC70 DP/FLUVA ARRAY	1.3	PlateFormat	Endpoint	Absorbance	Raw	FALSE	1						1	570	1	11	96	2	6	None	
	Temperature(¡C)	1	2	3	4	5	6	7	8	9	10	11	12		
	27.10														
		0.0453	2.0211	2.0888	2.0461	1.7521	1.1097	0.1763	0.1169	0.1179	0.1068	0.1118			
		0.0456	2.2411	2.2928	2.3116	2.2226	1.9102	0.17	0.1132	0.1155	0.1048	0.1131			
		0.045	2.2083	2.2709	2.264	2.1938	1.9794	0.8541	0.1174	0.1225	0.1037	0.1062			
		0.0448	2.2576	2.3212	2.3372	2.296	2.2404	2.0047	0.2768	0.1172	0.1036	0.0943			
		0.045	2.2811	2.2963	2.3405	2.327	2.2633	1.7384	0.4952	0.1279	0.1102	0.0977			
		0.0456	2.3059	2.3613	2.3501	2.3379	2.3247	2.2784	1.8641	0.1399	0.1018	0.1411			
															
		
~End
Plate:	HCC70_2 DP/FLUVA ARRAY	1.3	PlateFormat	Endpoint	Absorbance	Raw	FALSE	1						1	570	1	11	96	2	6	None	
	Temperature(¡C)	1	2	3	4	5	6	7	8	9	10	11	12		
	27.10														
		0.0475	1.8657	1.8339	1.7892	1.3702	0.7071	0.1295	0.1224	0.1272	0.1194	0.1242			
		0.0486	2.2818	2.3025	2.2688	2.1877	1.9792	0.1893	0.1879	0.1171	0.1299	0.1168			
		0.0494	2.2868	2.2665	2.2484	2.1625	1.979	0.9593	0.1188	0.1043	0.102	0.1079			
		0.0455	2.3614	2.2681	2.2167	2.1729	2.0609	1.7776	1.0052	0.1327	0.1072	0.1152			
		0.0473	2.2932	2.2583	2.2819	2.2192	2.1496	1.7937	0.5205	0.141	0.1029	0.1061			
		0.0473	2.3042	2.2859	2.2967	2.2759	2.2071	2.1896	1.3193	0.1645	0.1077	0.1376			
															
		
~End
Plate:	MCF7 DP/FLUVA ARRAY	1.3	PlateFormat	Endpoint	Absorbance	Raw	FALSE	1						1	570	1	11	96	2	6	None	
	Temperature(¡C)	1	2	3	4	5	6	7	8	9	10	11	12		
	27.10														
		0.047	0.8757	0.8538	0.8316	0.9424	0.9456	0.7558	0.5904	0.4262	0.2095	0.1233			
		0.0454	1.3042	1.347	1.353	1.3759	1.4003	1.4075	1.1323	0.8214	0.4762	0.2307			
		0.0522	1.6194	1.5856	1.5437	1.5132	1.4739	1.5648	1.4227	1.2017	0.7251	0.4226			
		0.0452	1.4513	1.5408	1.628	1.5731	1.5391	1.5023	1.4713	1.2639	1.0451	0.6808			
		0.0467	1.5765	1.7713	1.5018	1.6426	1.6108	1.4546	1.5331	1.4153	1.1966	0.9029			
		0.0452	1.6038	1.5481	1.5642	1.704	1.6272	1.4724	1.5257	1.4668	1.2785	0.8573			
															
		
~End
Plate:	MCF7_2 DP/FLUVA ARRAY	1.3	PlateFormat	Endpoint	Absorbance	Raw	FALSE	1						1	570	1	11	96	2	6	None	
	Temperature(¡C)	1	2	3	4	5	6	7	8	9	10	11	12		
	27.10														
		0.0457	0.7892	0.7783	0.7807	0.8102	0.7196	0.7359	0.5595	0.3483	0.1924	0.1179			
		0.0463	1.1913	1.3289	1.2099	1.3153	1.1689	1.15	1.0372	0.6494	0.3862	0.1925			
		0.0467	1.4715	1.5816	1.5429	1.5675	1.4998	1.5402	1.327	0.9825	0.714	0.336			
		0.046	1.2769	1.4022	1.3366	1.3668	1.1955	1.3318	1.1258	1.0625	0.8132	0.432			
		0.0465	1.398	1.476	1.5473	1.452	1.5325	1.5201	1.3669	1.2532	1.0645	0.6588			
		0.0446	1.5665	1.4559	1.4343	1.4488	1.5087	1.3561	1.372	1.2706	1.1713	0.8315			
															
		
~End
Plate:	HCC1954 DP/FLUVA ARRAY	1.3	PlateFormat	Endpoint	Absorbance	Raw	FALSE	1						1	570	1	11	96	2	6	None	
	Temperature(¡C)	1	2	3	4	5	6	7	8	9	10	11	12		
	27.10														
		0.0445	0.6273	0.5948	0.5101	0.5343	0.5174	0.5229	0.2347	0.0932	0.0873	0.0835			
		0.0453	1.1781	1.157	1.0823	1.0825	1.0696	1.0867	0.5421	0.1694	0.0968	0.0888			
		0.0454	1.4413	1.3899	1.3399	1.3411	1.2926	1.1217	0.9307	0.5299	0.2513	0.1072			
		0.0456	1.374	1.4485	1.3618	1.3753	1.3794	1.3055	1.12	0.7956	0.3973	0.1818			
		0.0448	1.3714	1.3697	1.3699	1.412	1.3722	1.3773	1.2221	1.0173	0.5685	0.2193			
		0.0452	1.398	1.2989	1.3499	1.369	1.3689	1.4213	1.3235	1.0328	0.6233	0.2517			
															
		
~End
Plate:	HCC1954_2 DP/FLUVA ARRAY	1.3	PlateFormat	Endpoint	Absorbance	Raw	FALSE	1						1	570	1	11	96	2	6	None	
	Temperature(¡C)	1	2	3	4	5	6	7	8	9	10	11	12		
	27.10														
		0.0467	0.8667	0.8685	0.7542	0.7824	0.7504	0.7037	0.4141	0.1757	0.1616	0.1442			
		0.0454	1.5371	1.4037	1.3546	1.2635	1.181	1.2505	0.6399	0.2778	0.1791	0.1448			
		0.0463	1.7731	1.7656	1.6801	1.449	1.3953	1.4711	1.1304	0.5641	0.2791	0.1653			
		0.0479	1.7817	1.7376	1.6952	1.6853	1.6318	1.3779	1.3677	0.9516	0.4716	0.2208			
		0.0459	1.7809	1.6445	1.7458	1.7955	1.626	1.6216	1.4388	1.152	0.588	0.2597			
		0.0458	1.8378	1.7998	1.6349	1.7175	1.6092	1.5467	1.3903	1.0963	0.703	0.3457			
															
		
~End
Plate:	EFM19 DP/FLUVA ARRAY	1.3	PlateFormat	Endpoint	Absorbance	Raw	FALSE	1						1	570	1	11	96	2	6	None	
	Temperature(¡C)	1	2	3	4	5	6	7	8	9	10	11	12		
	27.10														
		0.0455	1.7238	1.5821	1.6191	1.5409	1.4662	1.2987	0.7293	0.2584	0.1166	0.1051			
		0.0465	2.0562	2.0107	1.9513	1.9794	1.9086	1.699	1.4095	0.7534	0.3235	0.1711			
		0.0447	2.0334	2.0076	1.928	1.978	1.943	1.9129	1.5997	1.1938	0.6734	0.3192			
		0.046	1.9597	1.8471	1.8647	1.789	1.7295	1.6527	1.4837	1.2661	0.8712	0.5378			
		0.0456	1.9836	1.9652	1.9328	1.8888	1.8791	1.7701	1.6069	1.4092	1.0574	0.6373			
		0.0452	1.8705	2.0029	1.9989	1.9284	1.8822	1.763	1.677	1.4683	1.1352	0.8157			
															
		
~End
Plate:	EFM19_2 DP/FLUVA ARRAY	1.3	PlateFormat	Endpoint	Absorbance	Raw	FALSE	1						1	570	1	11	96	2	6	None	
	Temperature(¡C)	1	2	3	4	5	6	7	8	9	10	11	12		
	27.10														
		0.0449	1.8273	1.6826	1.6744	1.7232	1.6047	1.3743	0.7838	0.3059	0.15	0.1239			
		0.0455	1.978	1.9587	2.016	2.004	1.9884	1.7718	1.5041	0.8801	0.4141	0.1883			
		0.0463	1.8525	1.9769	1.9838	1.9124	1.8928	1.7934	1.5508	1.1173	0.6286	0.3151			
		0.048	2.002	2.0433	2.0745	2.1008	2.019	1.9209	1.7972	1.447	1.0167	0.6247			
		0.0462	2.0472	2.079	2.0047	2.0587	2.0446	1.9381	1.7717	1.524	1.1788	0.7095			
		0.0453	2.0867	2.0234	2.0015	2.0082	1.9217	1.9061	1.7253	1.4901	1.1332	0.9027			
															
		
~End
Plate:	MDA330 DP/FLUVA ARRAY	1.3	PlateFormat	Endpoint	Absorbance	Raw	FALSE	1						1	570	1	11	96	2	6	None	
	Temperature(¡C)	1	2	3	4	5	6	7	8	9	10	11	12		
	27.10														
		0.0465	0.7153	0.7121	0.6889	0.7134	0.7036	0.5941	0.2059	0.1371	0.1422	0.1636			
		0.0445	0.8531	0.8181	0.8455	0.8843	0.8304	0.5885	0.2222	0.1508	0.15	0.1614			
		0.0447	0.9031	0.9014	0.8896	0.9369	0.9236	0.6032	0.1963	0.1526	0.1553	0.1704			
		0.0458	0.8794	0.954	0.9754	0.9487	0.9425	0.5988	0.2191	0.1521	0.1623	0.1688			
		0.0447	0.9612	0.9686	0.9307	0.9643	0.9841	0.609	0.2355	0.1872	0.1505	0.1617			
		0.0457	0.9668	1.0286	1.0063	1.0745	1.0903	0.6254	0.344	0.2464	0.1813	0.1923			
															
		
~End
Plate:	MDA330_2 DP/FLUVA ARRAY	1.3	PlateFormat	Endpoint	Absorbance	Raw	FALSE	1						1	570	1	11	96	2	6	None	
	Temperature(¡C)	1	2	3	4	5	6	7	8	9	10	11	12		
	27.10														
		0.0447	0.7341	0.7468	0.7198	0.7645	0.7796	0.5901	0.1998	0.1482	0.1399	0.1556			
		0.045	0.9431	0.9276	0.9531	0.9638	0.9762	0.6476	0.2194	0.1528	0.1545	0.1638			
		0.0461	1.0102	0.9893	0.9708	1.0471	1.0276	0.6579	0.2066	0.1561	0.1515	0.1579			
		0.046	0.9554	0.9302	0.9613	0.9373	0.9131	0.6635	0.2156	0.1689	0.1571	0.1492			
		0.0468	1.0129	0.9903	0.9566	1.0137	0.9724	0.6702	0.2482	0.1782	0.1373	0.1391			
		0.0474	1.06	1.039	1.0331	1.0354	1.0125	0.6207	0.354	0.2566	0.154	0.1561			
															
		
~End
Plate:	UACC812 DP/FLUVA ARRAY	1.3	PlateFormat	Endpoint	Absorbance	Raw	FALSE	1						1	570	1	11	96	2	6	None	
	Temperature(¡C)	1	2	3	4	5	6	7	8	9	10	11	12		
	27.20														
		0.0458	1.9771	1.8771	1.8584	1.9439	1.8252	1.8599	1.1927	0.3611	0.1613	0.1632			
		0.044	2.2673	2.1279	2.1002	2.0663	2.0283	2.1398	2.0955	1.833	1.2895	0.6117			
		0.045	2.305	2.2276	2.2169	2.2437	2.1724	2.09	1.6028	1.904	1.7341	1.6196			
		0.044	2.2854	2.1297	2.1733	2.092	2.1666	1.9935	1.7754	1.702	1.5099	1.4474			
		0.0459	2.3277	2.196	2.1847	2.1671	2.1275	2.0005	1.8815	1.57	1.5126	1.4735			
		0.0446	2.1234	2.117	2.1267	2.1096	2.0155	1.9413	1.7703	1.6721	1.4382	1.3936			
															
		
~End
Plate:	UACC812_2 DP/FLUVA ARRAY	1.3	PlateFormat	Endpoint	Absorbance	Raw	FALSE	1						1	570	1	11	96	2	6	None	
	Temperature(¡C)	1	2	3	4	5	6	7	8	9	10	11	12		
	27.20														
		0.0452	2.1805	2.0989	2.0657	2.0675	2.0306	1.9399	1.2951	0.4153	0.1981	0.2202			
		0.0462	2.3604	2.2658	2.2561	2.2364	2.1902	2.1697	2.1082	1.9511	1.3169	0.8047			
		0.0465	2.3761	2.3138	2.3065	2.2758	2.2462	2.1647	2.0568	1.9385	1.8156	1.6952			
		0.0469	2.3489	2.131	2.1181	2.0361	1.9307	1.9177	1.8173	1.6387	1.6052	1.5862			
		0.047	2.3786	2.3064	2.2451	2.1709	2.1032	2.0564	1.9743	1.833	1.6582	1.669			
		0.0467	2.3228	2.2833	2.2282	2.1881	2.1401	2.0405	1.9759	1.7265	1.5789	1.4927			
															
		
~End
Plate:	HCC1395 DP/FLUVA ARRAY	1.3	PlateFormat	Endpoint	Absorbance	Raw	FALSE	1						1	570	1	11	96	2	6	None	
	Temperature(¡C)	1	2	3	4	5	6	7	8	9	10	11	12		
	27.20														
		0.0446	0.6767	0.6615	0.6336	0.6011	0.4225	0.2172	0.1189	0.1163	0.0952	0.1043			
		0.0449	0.7823	0.8092	0.8419	0.7936	0.5794	0.3155	0.1931	0.1176	0.1035	0.1102			
		0.0442	0.8058	0.8351	0.8452	0.8158	0.7326	0.5071	0.3091	0.1662	0.1419	0.1279			
		0.0454	0.8192	0.8461	0.8949	0.9069	0.7768	0.6694	0.455	0.2919	0.1686	0.1275			
		0.0447	0.8152	0.8264	0.8745	0.8957	0.8019	0.6484	0.568	0.3814	0.2347	0.1575			
		0.0491	0.8061	0.7823	0.8536	0.7932	0.8247	0.7826	0.7005	0.5087	0.3597	0.234			
															
		
~End
Plate:	HCC1395_2 DP/FLUVA ARRAY	1.3	PlateFormat	Endpoint	Absorbance	Raw	FALSE	1						1	570	1	11	96	2	6	None	
	Temperature(¡C)	1	2	3	4	5	6	7	8	9	10	11	12		
	27.20														
		0.0476	0.7154	0.6993	0.6856	0.5879	0.4303	0.2003	0.1292	0.1148	0.1062	0.1019			
		0.0469	0.8349	0.8472	0.8378	0.746	0.6121	0.3313	0.1533	0.1196	0.1131	0.1088			
		0.0475	0.8892	0.8843	0.8478	0.8047	0.6801	0.5166	0.3153	0.1813	0.1172	0.1094			
		0.0463	0.9077	0.877	0.8865	0.8884	0.7473	0.6175	0.4524	0.2863	0.1591	0.106			
		0.0447	0.9025	0.8613	0.8593	0.8641	0.7731	0.69	0.5662	0.4189	0.2423	0.1681			
		0.0465	0.892	0.9632	0.935	0.8699	0.8077	0.766	0.7092	0.5422	0.3961	0.2464			
															
		
~End
Plate:	SKBR5 DP/FLUVA ARRAY	1.3	PlateFormat	Endpoint	Absorbance	Raw	FALSE	1						1	570	1	11	96	2	6	None	
	Temperature(¡C)	1	2	3	4	5	6	7	8	9	10	11	12		
	27.20														
		0.0448	1.4328	1.5061	1.5244	1.5046	1.5273	1.5009	1.2094	0.7963	0.4881	0.3187			
		0.0453	1.9397	1.9094	1.9642	1.9206	1.8916	1.8704	1.0621	0.6016	0.3664	0.2411			
		0.0448	1.9606	2.0037	2.0379	2.0391	1.9525	1.855	0.8218	0.6256	0.5096	0.2981			
		0.0454	1.9688	2.0114	2.055	1.9847	1.9757	1.871	0.8483	0.6388	0.4619	0.407			
		0.046	2.0223	2.0202	2.0606	2.0197	1.9604	1.8417	0.7816	0.613	0.4236	0.3456			
		0.0454	1.8604	1.9051	1.968	1.84	1.7973	1.6257	0.8242	0.2727	0.3547	0.3946			
															
		
~End
Plate:	SKBR5_2 DP/FLUVA ARRAY	1.3	PlateFormat	Endpoint	Absorbance	Raw	FALSE	1						1	570	1	11	96	2	6	None	
	Temperature(¡C)	1	2	3	4	5	6	7	8	9	10	11	12		
	27.20														
		0.0442	1.4133	1.3676	1.4911	1.4477	1.5009	1.5332	1.0903	0.7562	0.36	0.2367			
		0.0462	1.8715	1.9077	1.9098	1.908	1.8819	1.8171	1.0475	0.6564	0.3871	0.3125			
		0.0455	1.9268	1.9795	1.9494	1.9868	1.9644	1.813	0.6721	0.6039	0.4974	0.273			
		0.0456	1.9826	1.9486	1.9881	1.9718	1.9971	1.8574	1.0105	1.1298	0.8312	0.5094			
		0.0462	1.9992	2.0404	1.9313	1.9923	1.9842	1.8426	0.7952	0.5796	0.6534	0.3126			
		0.049	1.8326	1.8736	1.9576	1.8297	1.9141	1.6401	0.8659	0.631	0.3599	0.2138			
															
		
~End
Plate:	BT549 DP/FLUVA ARRAY	1.3	PlateFormat	Endpoint	Absorbance	Raw	FALSE	1						1	570	1	11	96	2	6	None	
	Temperature(¡C)	1	2	3	4	5	6	7	8	9	10	11	12		
	27.20														
		0.0453	0.8251	0.8354	0.887	0.8461	0.7406	0.2335	0.0899	0.0821	0.0834	0.0819			
		0.0464	1.2133	1.2264	1.3002	1.1619	1.1234	0.7551	0.134	0.087	0.0841	0.0844			
		0.0446	1.3641	1.323	1.3542	1.2198	1.3358	1.2085	0.4758	0.1327	0.0865	0.0871			
		0.0476	1.3851	1.3955	1.3858	1.4693	1.2715	1.1663	0.8953	0.3001	0.1172	0.085			
		0.0477	1.3272	1.5433	1.4551	1.5121	1.359	1.3158	1.109	0.6632	0.1882	0.0907			
		0.0455	1.265	1.3416	1.5299	1.484	1.5314	1.2561	0.8974	0.5065	0.2526	0.1509			
															
		
~End
Plate:	BT549_2 DP/FLUVA ARRAY	1.3	PlateFormat	Endpoint	Absorbance	Raw	FALSE	1						1	570	1	11	96	2	6	None	
	Temperature(¡C)	1	2	3	4	5	6	7	8	9	10	11	12		
	27.20														
		0.0447	0.854	0.788	0.8559	0.9076	0.8187	0.2763	0.086	0.079	0.0758	0.0756			
		0.0455	1.2309	1.21	1.3042	1.2441	1.1809	0.7968	0.1442	0.0872	0.0801	0.0782			
		0.0454	1.3265	1.3614	1.3271	1.295	1.3971	1.1616	0.4717	0.1161	0.0814	0.0798			
		0.0456	1.1972	1.1859	1.2373	1.2613	1.1556	1.1464	0.938	0.2334	0.0939	0.0764			
		0.0459	1.3401	1.4247	1.3913	1.3288	1.3811	1.3585	1.1951	0.5963	0.1786	0.091			
		0.0444	1.3201	1.2707	1.3715	1.4134	1.3931	1.2945	1.0488	0.5741	0.2448	0.1251			
															
		
~End
Plate:	SKBR7 DP/FLUVA ARRAY	1.3	PlateFormat	Endpoint	Absorbance	Raw	FALSE	1						1	570	1	11	96	2	6	None	
	Temperature(¡C)	1	2	3	4	5	6	7	8	9	10	11	12		
	27.20														
		0.0447	1.5083	1.4529	1.2792	0.9465	0.5429	0.3177	0.1958	0.1876	0.1681	0.1704			
		0.0464	1.8612	1.8752	1.6324	1.1718	0.6689	0.4041	0.3251	0.2294	0.2157	0.1995			
		0.0455	2.0043	1.9343	1.6754	1.2686	0.8797	0.5984	0.4177	0.3119	0.2712	0.2442			
		0.0472	2.0527	2.0096	1.7971	1.3305	0.9315	0.6259	0.4137	0.2976	0.2711	0.2156			
		0.0463	2.0403	2.0353	1.8476	1.4923	1.0645	0.7786	0.5587	0.391	0.2704	0.2525			
		0.0489	1.8229	1.8965	1.9137	1.6124	1.1093	0.8473	0.6424	0.4363	0.3718	0.2953			
															
		
~End
Plate:	SKBR7_2 DP/FLUVA ARRAY	1.3	PlateFormat	Endpoint	Absorbance	Raw	FALSE	1						1	570	1	11	96	2	6	None	
	Temperature(¡C)	1	2	3	4	5	6	7	8	9	10	11	12		
	27.20														
		0.046	1.4624	1.4963	1.2142	0.882	0.4995	0.2456	0.1887	0.1635	0.1815	0.1492			
		0.0491	1.8675	1.9125	1.6374	1.1955	0.669	0.4147	0.2921	0.208	0.1912	0.2164			
		0.0477	1.9898	1.9422	1.7411	1.1975	0.8228	0.5319	0.3517	0.2644	0.2328	0.2563			
		0.0449	1.8964	1.9727	1.7737	1.3747	0.9133	0.6358	0.44	0.2938	0.2619	0.2309			
		0.0458	2.0044	2.0413	1.8769	1.4856	1.0797	0.7589	0.5105	0.352	0.2528	0.2498			
		0.0471	1.9499	1.9682	1.8324	1.6621	1.1421	0.7829	0.5931	0.4387	0.3322	0.2814			
															
		
~End
Plate:	LY2 DP/FLUVA ARRAY	1.3	PlateFormat	Endpoint	Absorbance	Raw	FALSE	1						1	570	1	11	96	2	6	None	
	Temperature(¡C)	1	2	3	4	5	6	7	8	9	10	11	12		
	27.20														
		0.0445	1.0197	1.0307	0.9329	1.1659	1.1072	1.0478	0.8887	0.8206	0.6352	0.3553			
		0.0465	1.6646	1.614	1.5719	1.6008	1.6726	1.5236	1.5098	1.3579	1.0459	1.0184			
		0.0445	1.8135	1.7256	1.6769	1.7822	1.7506	1.7327	1.7157	1.4916	1.2839	0.9442			
		0.0455	1.7779	1.5892	1.5761	1.7014	1.5573	1.5195	1.6129	1.3581	1.2383	1.0183			
		0.0458	1.9162	1.7926	1.7717	1.8125	1.7495	1.7737	1.7734	1.6134	1.4014	1.1766			
		0.0447	2.0038	1.9308	1.8712	1.898	1.8806	1.8378	1.8025	1.6844	1.545	1.4397			
															
		
~End
Plate:	LY2_2 DP/FLUVA ARRAY	1.3	PlateFormat	Endpoint	Absorbance	Raw	FALSE	1						1	570	1	11	96	2	6	None	
	Temperature(¡C)	1	2	3	4	5	6	7	8	9	10	11	12		
	27.20														
		0.0447	1.0711	1.0835	1.0163	1.0788	1.0188	1.0514	0.92	0.8546	0.6529	0.3768			
		0.0468	1.6461	1.5877	1.6332	1.6265	1.5564	1.4781	1.4238	1.2627	0.9829	0.6613			
		0.0449	1.7642	1.7435	1.6587	1.7291	1.665	1.6842	1.6573	1.5438	1.3623	0.9149			
		0.0449	1.8414	1.7351	1.8691	1.8581	1.7445	1.8774	1.8116	1.5916	1.3779	1.0681			
		0.0506	1.9246	1.879	1.8341	1.8184	1.9312	1.7983	1.748	1.6688	1.496	1.2713			
		0.0491	1.9334	1.9294	1.9156	1.9493	1.8703	1.9763	1.8835	1.7483	1.6426	1.3729			
															
		
~End
Plate:	HCC202 DP/FLUVA ARRAY	1.3	PlateFormat	Endpoint	Absorbance	Raw	FALSE	1						1	570	1	11	96	2	6	None	
	Temperature(¡C)	1	2	3	4	5	6	7	8	9	10	11	12		
	27.30														
		0.0443	1.0735	0.9598	0.9744	0.873	0.8325	0.799	0.4487	0.277	0.1239	0.1271			
		0.0451	0.7996	0.8054	0.8157	0.7906	0.7056	0.7209	0.4746	0.2631	0.1452	0.1025			
		0.0458	1.1252	1.1135	1.3161	1.2608	1.2063	1.3069	0.8388	0.7761	0.2758	0.1304			
		0.0456	0.8734	0.7277	0.9915	0.9569	0.8364	0.8765	0.804	0.6299	0.328	0.1587			
		0.0448	1.0837	1.0206	1.1396	0.9928	1.0184	1.064	0.9494	0.7361	0.4269	0.2472			
		0.0452	0.8051	0.8128	0.8845	0.7406	0.8217	0.745	0.7809	0.6465	0.5048	0.3932			
															
		
~End
Plate:	HCC202_2 DP/FLUVA ARRAY	1.3	PlateFormat	Endpoint	Absorbance	Raw	FALSE	1						1	570	1	11	96	2	6	None	
	Temperature(¡C)	1	2	3	4	5	6	7	8	9	10	11	12		
	27.20														
		0.046	1.0162	0.9501	0.9283	0.8147	0.8439	0.8877	0.5104	0.2139	0.1553	0.1222			
		0.0474	0.7639	0.7799	0.751	0.6932	0.7212	0.6555	0.4997	0.2656	0.1783	0.1115			
		0.0477	1.0171	0.9972	0.9878	1.1337	1.0461	0.9982	0.7749	0.4803	0.2774	0.1627			
		0.0451	0.7823	0.8503	0.9149	0.865	0.8885	0.8712	0.7113	0.4941	0.3864	0.2181			
		0.0456	1.1925	1.1992	1.2828	1.1366	1.1501	1.0793	1.0156	0.8426	0.4992	0.2343			
		0.0447	0.7372	0.745	0.6956	0.6979	0.7579	0.668	0.6749	0.5615	0.4437	0.3509			
															
		
~End
Plate:	MDA468 DP/FLUVA ARRAY	1.3	PlateFormat	Endpoint	Absorbance	Raw	FALSE	1						1	570	1	11	96	2	6	None	
	Temperature(¡C)	1	2	3	4	5	6	7	8	9	10	11	12		
	27.30														
		0.0451	1.856	1.8842	1.898	1.7965	1.4319	0.6291	0.238	0.0986	0.0934	0.0931			
		0.0454	2.1873	2.1365	2.111	2.0526	1.8183	1.1611	0.5545	0.1865	0.098	0.0898			
		0.0452	2.2188	2.1784	2.1462	2.1027	1.9423	1.4958	1.0243	0.467	0.1527	0.0999			
		0.0449	2.1928	2.1717	2.1796	2.1229	1.9064	1.5368	1.1039	0.59	0.2297	0.1119			
		0.0447	2.205	2.1868	2.1879	2.1733	2.0099	1.6593	1.3194	0.835	0.3909	0.1392			
		0.0458	2.1455	2.158	2.1592	2.1251	2.0855	1.8995	1.6249	1.1504	0.6587	0.2934			
															
		
~End
Plate:	MDA468_2 DP/FLUVA ARRAY	1.3	PlateFormat	Endpoint	Absorbance	Raw	FALSE	1						1	570	1	11	96	2	6	None	
	Temperature(¡C)	1	2	3	4	5	6	7	8	9	10	11	12		
	27.30														
		0.0448	1.8733	1.8642	1.8475	1.7796	1.3385	0.5438	0.2203	0.1027	0.0884	0.088			
		0.0442	2.147	2.1603	2.1349	2.0821	1.8282	1.2079	0.6006	0.1883	0.0965	0.0951			
		0.0449	2.1705	2.1392	2.1746	2.1171	1.9702	1.4303	0.8858	0.4877	0.1312	0.0928			
		0.0443	1.9853	1.9225	2.0334	2.0759	1.7984	1.5039	0.9275	0.5814	0.2015	0.102			
		0.0452	2.1566	2.1378	2.129	2.1629	2.0348	1.7259	1.3313	0.839	0.3659	0.1365			
		0.0442	2.1508	2.0931	2.1812	2.0699	2.0877	1.8667	1.5225	1.0386	0.5915	0.2294			
															
		
~End
Plate:	MFM223 DP/FLUVA ARRAY	1.3	PlateFormat	Endpoint	Absorbance	Raw	FALSE	1						1	570	1	11	96	2	6	None	
	Temperature(¡C)	1	2	3	4	5	6	7	8	9	10	11	12		
	27.20														
		0.0449	0.6935	0.7163	0.7098	0.7203	0.6591	0.5307	0.3117	0.1074	0.0897	0.1019			
		0.045	0.8592	0.8637	0.8762	0.9366	0.8681	0.7843	0.4739	0.1681	0.0908	0.0993			
		0.0451	0.8695	0.9111	0.958	0.9506	0.8658	0.8135	0.5764	0.2148	0.1161	0.0926			
		0.0464	0.8482	0.9202	0.8902	0.8885	0.9185	0.813	0.6115	0.3228	0.1833	0.1105			
		0.0455	0.8299	0.8806	0.9175	0.9422	0.9456	0.8635	0.7299	0.4278	0.2155	0.1234			
		0.0465	0.8413	0.8771	0.8879	0.8873	0.8825	0.8536	0.7151	0.5181	0.292	0.1657			
															
		
~End
Plate:	MFM223_2 DP/FLUVA ARRAY	1.3	PlateFormat	Endpoint	Absorbance	Raw	FALSE	1						1	570	1	11	96	2	6	None	
	Temperature(¡C)	1	2	3	4	5	6	7	8	9	10	11	12		
	27.30														
		0.0448	0.6676	0.6873	0.7051	0.7169	0.6597	0.5382	0.3052	0.1082	0.0858	0.103			
		0.0445	0.8248	0.8949	0.8884	0.8935	0.8882	0.7979	0.5	0.1926	0.0887	0.095			
		0.0457	0.8247	0.9191	0.9076	0.939	0.9016	0.8041	0.6334	0.3508	0.1497	0.1014			
		0.0475	0.7559	0.8496	0.8548	0.8588	0.8069	0.7457	0.6631	0.3685	0.1659	0.1			
		0.05	0.8155	0.8763	0.8623	0.9282	0.862	0.8534	0.6778	0.4439	0.2076	0.1555			
		0.0443	0.7779	0.837	0.861	0.8018	0.8275	0.7699	0.7419	0.5355	0.2772	0.1424			
															
		
~End
Plate:	CAL148 DP/FLUVA ARRAY	1.3	PlateFormat	Endpoint	Absorbance	Raw	FALSE	1						1	570	1	11	96	2	6	None	
	Temperature(¡C)	1	2	3	4	5	6	7	8	9	10	11	12		
	27.30														
		0.0445	1.031	1.0501	0.9869	0.8818	0.8989	0.8475	0.5696	0.1548	0.1353	0.1338			
		0.0443	1.0253	1.141	1.1772	1.1387	0.9838	0.845	0.7063	0.2298	0.152	0.1374			
		0.0456	0.8692	1.0925	1.0815	0.9208	0.888	1.0102	0.7176	0.2264	0.1398	0.1507			
		0.0448	0.9084	1.0642	1.0648	0.8808	0.8735	0.8206	0.6576	0.3368	0.1418	0.1437			
		0.045	0.9296	1.0631	0.9607	0.9251	0.8998	0.8316	0.743	0.4856	0.2024	0.1647			
		0.0449	0.8667	0.9181	0.9693	0.857	0.8138	0.719	0.6094	0.4347	0.2807	0.1572			
															
		
~End
Plate:	CAL148_2 DP/FLUVA ARRAY	1.3	PlateFormat	Endpoint	Absorbance	Raw	FALSE	1						1	570	1	11	96	2	6	None	
	Temperature(¡C)	1	2	3	4	5	6	7	8	9	10	11	12		
	27.30														
		0.0458	0.7902	0.8635	0.8481	0.8253	0.7874	0.6987	0.5176	0.1004	0.0879	0.0952			
		0.0547	0.8153	0.9002	0.8607	0.9134	0.8645	0.8498	0.5863	0.1206	0.0939	0.0934			
		0.0441	0.8095	0.9081	0.8664	0.8152	0.8638	0.7321	0.5282	0.1059	0.0961	0.1145			
		0.0453	0.7115	0.7618	0.6922	0.7394	0.7598	0.7338	0.5632	0.2774	0.1013	0.1055			
		0.0453	0.6727	0.8376	0.7315	0.792	0.7352	0.763	0.6435	0.3958	0.1472	0.1093			
		0.0478	0.7894	0.6965	0.7147	0.7018	0.6976	0.6439	0.5305	0.386	0.1969	0.0974			
															
		
~End
Plate:	ZR751 DP/FLUVA ARRAY	1.3	PlateFormat	Endpoint	Absorbance	Raw	FALSE	1						1	570	1	11	96	2	6	None	
	Temperature(¡C)	1	2	3	4	5	6	7	8	9	10	11	12		
	27.30														
		0.0443	1.2505	1.1614	1.1449	1.0296	0.9379	0.8075	0.6653	0.5634	0.4357	0.3374			
		0.0441	1.7566	1.6991	1.6533	1.4313	1.3169	1.0364	0.8775	0.6441	0.431	0.3418			
		0.0442	1.8725	1.8251	1.757	1.6406	1.5475	1.2157	1.0417	0.7986	0.4761	0.3776			
		0.0439	1.7779	1.7055	1.7659	1.6142	1.553	1.3787	1.0056	0.7597	0.4648	0.3787			
		0.0439	1.8625	1.8475	1.6935	1.7498	1.5579	1.3981	1.1782	0.7861	0.6209	0.445			
		0.0442	1.7283	1.7957	1.789	1.5889	1.5244	1.4121	1.2306	0.8718	0.5967	0.4716			
															
		
~End
Plate:	ZR751_2 DP/FLUVA ARRAY	1.3	PlateFormat	Endpoint	Absorbance	Raw	FALSE	1						1	570	1	11	96	2	6	None	
	Temperature(¡C)	1	2	3	4	5	6	7	8	9	10	11	12		
	27.30														
		0.0446	1.2672	1.0914	1.0779	1.0286	0.8857	0.7171	0.6075	0.5147	0.4072	0.318			
		0.0445	1.8456	1.6857	1.7156	1.5567	1.4018	1.043	0.9054	0.6643	0.4387	0.3746			
		0.0452	1.9135	1.8603	1.8723	1.8009	1.7051	1.3316	1.0525	0.7752	0.5661	0.397			
		0.0444	1.7302	1.6545	1.6665	1.5652	1.3904	1.2506	0.9124	0.6937	0.4716	0.4064			
		0.045	1.8616	1.8267	1.7403	1.7269	1.5673	1.3396	1.1344	0.8258	0.598	0.4379			
		0.0443	1.8669	1.6483	1.7145	1.6291	1.4836	1.344	1.1993	0.8033	0.6064	0.4689			
															
		
~End
Plate:	HCC1937 DP/FLUVA ARRAY	1.3	PlateFormat	Endpoint	Absorbance	Raw	FALSE	1						1	570	1	11	96	2	6	None	
	Temperature(¡C)	1	2	3	4	5	6	7	8	9	10	11	12		
	27.30														
		0.0442	0.9465	1.0017	0.9454	0.8111	0.4456	0.2639	0.1441	0.1225	0.1431	0.128			
		0.0447	1.2304	1.2909	1.3149	1.0859	0.6038	0.3505	0.1981	0.1527	0.1535	0.1501			
		0.0451	1.2762	1.4176	1.3346	1.1459	0.6969	0.4486	0.2314	0.1493	0.1842	0.1831			
		0.0449	1.2466	1.3495	1.3368	1.2164	0.8317	0.5204	0.2903	0.2	0.181	0.1826			
		0.0451	1.3299	1.4324	1.4118	1.3244	0.9004	0.5617	0.3436	0.228	0.2181	0.2071			
		0.0447	1.2353	1.3139	1.4066	1.1665	0.9256	0.5593	0.3646	0.2422	0.2102	0.2234			
															
		
~End
Plate:	HCC1937_2 DP/FLUVA ARRAY	1.3	PlateFormat	Endpoint	Absorbance	Raw	FALSE	1						1	570	1	11	96	2	6	None	
	Temperature(¡C)	1	2	3	4	5	6	7	8	9	10	11	12		
	27.30														
		0.0453	1.0466	1.0553	0.9806	0.878	0.5865	0.4108	0.1963	0.144	0.1311	0.1402			
		0.0456	1.1976	1.2781	1.2774	1.1185	0.6922	0.4582	0.2637	0.1575	0.1495	0.1513			
		0.0446	1.2678	1.3814	1.3812	1.1858	0.8182	0.479	0.2836	0.1621	0.1562	0.169			
		0.0444	1.2754	1.314	1.2856	1.2249	0.9092	0.5895	0.3326	0.1982	0.1847	0.1801			
		0.0457	1.2927	1.3642	1.3802	1.2422	0.9805	0.6205	0.4351	0.2186	0.1935	0.1825			
		0.0446	1.2685	1.2526	1.2543	1.1898	0.9517	0.6951	0.4364	0.2728	0.2128	0.2114			
															
		
~End
Plate:	HS578T DP/FLUVA ARRAY	1.3	PlateFormat	Endpoint	Absorbance	Raw	FALSE	1						1	570	1	11	96	2	6	None	
	Temperature(¡C)	1	2	3	4	5	6	7	8	9	10	11	12		
	27.30														
		0.045	0.7939	0.8435	0.8646	0.891	0.8403	0.7154	0.224	0.1049	0.1008	0.0932			
		0.047	0.9388	0.9945	1.0767	1.087	1.0377	1.0069	0.5614	0.1558	0.0958	0.1004			
		0.0466	1.1922	1.1889	1.3361	1.1333	1.2695	1.1909	0.9037	0.4486	0.1536	0.0954			
		0.0449	1.0493	1.2541	1.1528	1.2975	1.1483	1.0816	0.8701	0.5076	0.2709	0.124			
		0.045	1.2292	1.2977	1.3666	1.3419	1.3435	1.2613	1.0131	0.6703	0.3141	0.1688			
		0.0469	1.162	1.1928	1.3937	1.4169	1.4565	1.2309	0.6919	0.7442	0.4009	0.2146			
															
		
~End
Plate:	HS578T_2 DP/FLUVA ARRAY	1.3	PlateFormat	Endpoint	Absorbance	Raw	FALSE	1						1	570	1	11	96	2	6	None	
	Temperature(¡C)	1	2	3	4	5	6	7	8	9	10	11	12		
	27.30														
		0.0447	0.8611	0.8292	0.8516	0.861	0.8803	0.8015	0.2532	0.1108	0.1058	0.0971			
		0.0445	0.9992	1.1046	1.0321	1.0841	1.0396	0.9391	0.6074	0.1728	0.1017	0.1055			
		0.0452	1.2376	1.3858	1.2658	1.2892	1.3619	1.2712	0.9788	0.5923	0.1846	0.1156			
		0.0459	1.2731	1.3759	1.4013	1.3236	1.3523	1.2508	0.8861	0.6183	0.2892	0.1325			
		0.0458	1.3486	1.4254	1.3614	1.4592	1.374	1.3336	1.1505	0.7617	0.4006	0.1896			
		0.0462	1.1823	1.3745	1.3701	1.4262	1.3642	1.269	1.1521	0.764	0.3898	0.2171			
															
		
~End
Instrument type: Instrument serial number:
