##BLOCKS= 102        
Plate:	MFM223_1 FLUVA_NFV	1.3	PlateFormat	Endpoint	Absorbance	Raw	FALSE	1						1	570	1	11	96	2	6	None	
	Temperature(¡C)	1	2	3	4	5	6	7	8	9	10	11	12		
	27.20														
		0.045	0.1577	0.2013	0.163	0.1735	0.1634	0.1436	0.113	0.1202	0.1229	0.1176			
		0.0462	0.2567	0.2541	0.2514	0.2451	0.2416	0.2636	0.1882	0.1558	0.1481	0.1288			
		0.046	0.3742	0.3655	0.3627	0.404	0.4189	0.3357	0.3601	0.3415	0.1607	0.1288			
		0.0459	0.7241	0.6532	0.7214	0.6915	0.7216	0.6021	0.6024	0.3629	0.2146	0.1418			
		0.0456	0.9721	0.9838	0.9854	1.0408	0.9549	1.0216	0.8864	0.5736	0.3062	0.1742			
		0.0454	1.2762	1.2807	1.218	1.2809	1.3356	1.2925	1.2228	0.9562	0.5402	0.2357			
															
		
~End
Plate:	MFM223_2 FLUVA_NFV	1.3	PlateFormat	Endpoint	Absorbance	Raw	FALSE	1						1	570	1	11	96	2	6	None	
	Temperature(¡C)	1	2	3	4	5	6	7	8	9	10	11	12		
	27.30														
		0.0446	0.1881	0.1822	0.212	0.2276	0.201	0.2071	0.082	0.1277	0.1121	0.1283			
		0.0454	0.3129	0.2826	0.2872	0.3084	0.3084	0.2807	0.2453	0.1624	0.1269	0.1443			
		0.0459	0.4262	0.4161	0.4263	0.3855	0.4516	0.3641	0.3348	0.2234	0.148	0.1151			
		0.0441	0.8534	0.8271	0.9455	0.9244	0.884	0.8645	0.7222	0.4909	0.2183	0.127			
		0.0476	1.0743	1.0992	1.1943	1.1113	1.0819	1.0228	0.8322	0.6322	0.3085	0.1531			
		0.0445	1.3235	1.4094	1.2852	1.2643	1.3602	1.3389	1.2315	0.9032	0.539	0.217			
															
		
~End
Plate:	MFM223_3 FLUVA_NFV	1.3	PlateFormat	Endpoint	Absorbance	Raw	FALSE	1						1	570	1	11	96	2	6	None	
	Temperature(¡C)	1	2	3	4	5	6	7	8	9	10	11	12		
	27.30														
		0.0441	0.1608	0.1911	0.1731	0.1908	0.1602	0.1769	0.0934	0.1218	0.1049	0.1078			
		0.0449	0.2405	0.2287	0.2322	0.2392	0.2672	0.2083	0.2013	0.1224	0.1025	0.1102			
		0.0456	0.3737	0.3974	0.3605	0.3436	0.3634	0.3377	0.2777	0.1924	0.1401	0.1065			
		0.0442	0.746	0.7374	0.7239	0.7374	0.739	0.6581	0.6225	0.3616	0.2092	0.1276			
		0.0445	1.0164	1.0426	0.9274	0.9872	0.9589	0.8475	0.743	0.499	0.2261	0.1385			
		0.0453	1.2272	1.1577	1.2105	1.2992	1.2512	1.238	1.1605	0.9084	0.4395	0.1977			
															
		
~End
Plate:	CAL148_1 FLUVA_NFV	1.3	PlateFormat	Endpoint	Absorbance	Raw	FALSE	1						1	570	1	11	96	2	6	None	
	Temperature(¡C)	1	2	3	4	5	6	7	8	9	10	11	12		
	27.30														
		0.0458	0.6612	0.7956	0.6607	0.5878	0.6692	0.5663	0.4074	0.2635	0.1713	0.1645			
		0.0462	1.4789	1.7265	1.5768	1.7604	1.6116	1.5459	1.1103	0.4542	0.1764	0.1559			
		0.0461	1.224	1.3544	1.4556	1.2931	1.3292	1.1663	0.7867	0.4898	0.3507	0.2225			
		0.0445	1.4592	1.5425	1.4776	1.3181	1.3657	1.239	1.038	0.584	0.2646	0.1871			
		0.0485	1.1947	1.5097	1.2632	1.5106	1.3782	1.1893	0.8849	0.5509	0.3731	0.215			
		0.0471	1.3626	1.434	1.4188	1.6629	1.3375	1.3588	1.044	0.663	0.3089	0.1547			
															
		
~End
Plate:	CAL148_2 FLUVA_NFV	1.3	PlateFormat	Endpoint	Absorbance	Raw	FALSE	1						1	570	1	11	96	2	6	None	
	Temperature(¡C)	1	2	3	4	5	6	7	8	9	10	11	12		
	27.30														
		0.045	0.802	0.6888	0.7015	0.7692	0.625	0.5527	0.4048	0.2481	0.1739	0.143			
		0.0462	1.7053	1.737	1.7822	1.8447	1.7439	1.7019	1.2274	0.5054	0.1513	0.1385			
		0.0448	1.5097	1.5194	1.6857	1.547	1.422	1.2093	0.8202	0.6358	0.3169	0.2259			
		0.0456	1.7353	1.8903	1.8229	1.85	1.8012	1.782	1.3593	0.7554	0.2562	0.1424			
		0.046	1.4294	1.6233	1.5415	1.7117	1.6476	1.4696	0.945	0.6439	0.3058	0.2356			
		0.0453	1.6735	1.7744	1.7324	1.8696	1.6472	1.6009	1.3005	0.8367	0.334	0.163			
															
		
~End
Plate:	CAL148_3 FLUVA_NFV	1.3	PlateFormat	Endpoint	Absorbance	Raw	FALSE	1						1	570	1	11	96	2	6	None	
	Temperature(¡C)	1	2	3	4	5	6	7	8	9	10	11	12		
	27.30														
		0.0507	0.637	0.7031	0.7534	0.768	0.6669	0.534	0.4545	0.1901	0.1276	0.1206			
		0.0464	1.4799	1.7117	1.6065	1.8051	1.6662	1.3985	1.1154	0.4399	0.133	0.1374			
		0.0461	1.246	1.4251	1.5133	1.5127	1.3262	1.1627	0.7991	0.5985	0.2728	0.1796			
		0.0467	1.7269	1.7341	1.6881	1.8857	1.785	1.7368	1.3416	0.827	0.2362	0.1387			
		0.047	1.5668	1.575	1.4561	1.7905	1.3565	1.3191	0.8096	0.4719	0.3032	0.184			
		0.0449	1.5909	1.6285	1.9453	1.7275	1.6137	1.5405	1.18	0.6675	0.3028	0.1184			
															
		
~End
Plate:	BT20_1 FLUVA_NFV	1.3	PlateFormat	Endpoint	Absorbance	Raw	FALSE	1						1	570	1	11	96	2	6	None	
	Temperature(¡C)	1	2	3	4	5	6	7	8	9	10	11	12		
	27.30														
		0.0458	0.8913	0.8695	1.058	0.8926	0.9315	0.9257	0.8672	0.5239	0.2058	0.1692			
		0.0453	1.5458	1.5798	1.6091	1.6035	1.6371	1.456	1.405	0.9359	0.3635	0.205			
		0.0465	1.4444	1.6907	1.6047	1.7148	1.6368	1.5899	1.4353	1.2128	0.5403	0.2271			
		0.0453	1.4811	1.6466	1.7178	1.6027	1.6645	1.6139	1.7071	1.349	0.6339	0.2207			
		0.0491	1.687	1.7348	1.797	1.7017	1.6793	1.7298	1.4049	1.428	0.8451	0.3042			
		0.0461	1.6227	1.6983	1.5784	1.6926	1.664	1.5697	1.5422	1.2755	0.7838	0.268			
															
		
~End
Plate:	BT20_2 FLUVA_NFV	1.3	PlateFormat	Endpoint	Absorbance	Raw	FALSE	1						1	570	1	11	96	2	6	None	
	Temperature(¡C)	1	2	3	4	5	6	7	8	9	10	11	12		
	27.40														
		0.046	1.0314	1.1573	1.211	1.0486	0.9926	1.0255	1.0634	0.632	0.3515	0.3071			
		0.0452	1.6765	1.6257	1.5903	1.7699	1.7165	1.723	1.6223	1.1251	0.4716	0.2975			
		0.0454	1.6287	1.7586	1.7078	1.7819	1.8366	1.8085	1.7009	1.3734	0.6248	0.3701			
		0.0501	1.6038	1.7355	1.7567	1.7549	1.7032	1.8846	1.7294	1.5332	0.9055	0.3437			
		0.0464	1.6536	1.8274	1.87	1.9012	1.8892	1.8504	1.6914	1.5771	0.9454	0.3901			
		0.0479	1.574	1.7663	1.5949	1.7811	1.6307	1.5291	1.6296	1.5574	0.8809	0.4326			
															
		
~End
Plate:	BT20_3 FLUVA_NFV	1.3	PlateFormat	Endpoint	Absorbance	Raw	FALSE	1						1	570	1	11	96	2	6	None	
	Temperature(¡C)	1	2	3	4	5	6	7	8	9	10	11	12		
	27.40														
		0.046	1.161	1.1159	1.3243	1.1306	1.0394	1.0497	1.0482	0.7728	0.361	0.3132			
		0.0464	1.6216	1.8311	1.5947	1.6285	1.716	1.6592	1.7485	1.1579	0.5302	0.3409			
		0.0463	1.8215	1.9079	1.79	1.7928	1.8272	1.807	1.7431	1.5596	0.7323	0.3346			
		0.0486	1.5773	1.7636	1.8033	1.808	1.7493	1.8294	1.7315	1.591	0.9109	0.4026			
		0.0458	1.7518	1.8849	1.7971	1.9326	1.8132	1.9699	1.643	1.6778	1.0593	0.4274			
		0.0456	1.5516	1.7292	1.7997	1.7281	1.8226	1.7185	1.6446	1.4263	0.9878	0.3908			
															
		
~End
Plate:	ZR751_1 FLUVA_NFV	1.3	PlateFormat	Endpoint	Absorbance	Raw	FALSE	1						1	570	1	11	96	2	6	None	
	Temperature(¡C)	1	2	3	4	5	6	7	8	9	10	11	12		
	27.40														
		0.0454	2.3784	2.258	2.4209	2.1536	2.198	2.1513	1.9884	1.9349	1.6399	1.0349			
		0.0452	2.5183	2.5121	2.4752	2.4899	2.4804	2.4816	2.3967	2.2367	1.9889	1.3224			
		0.0451	2.5242	2.5286	2.5061	2.5088	2.5019	2.496	2.4472	2.3982	2.2284	1.696			
		0.0456	2.5181	2.5201	2.501	2.4908	2.4699	2.482	2.4767	2.4094	2.2459	1.899			
		0.0513	2.5414	2.5371	2.5312	2.5099	2.4958	2.4973	2.471	2.4368	2.2953	1.9398			
		0.046	2.5221	2.4931	2.4987	2.5106	2.5048	2.5018	2.4878	2.4566	2.3653	1.9824			
															
		
~End
Plate:	ZR751_2 FLUVA_NFV	1.3	PlateFormat	Endpoint	Absorbance	Raw	FALSE	1						1	570	1	11	96	2	6	None	
	Temperature(¡C)	1	2	3	4	5	6	7	8	9	10	11	12		
	27.40														
		0.0441	2.1082	2.0869	2.3608	1.9255	1.8201	1.8649	1.5428	1.6155	1.3546	0.7804			
		0.0442	2.5176	2.4946	2.4892	2.4876	2.4471	2.4344	2.319	2.0917	1.6929	0.9332			
		0.0444	2.5195	2.509	2.523	2.5388	2.484	2.4693	2.4082	2.2905	2.0682	1.4212			
		0.0443	2.5123	2.5164	2.52	2.5417	2.5145	2.5454	2.4743	2.4292	2.184	1.6957			
		0.0441	2.5187	2.5242	2.5449	2.5503	2.5379	2.5068	2.4764	2.4608	2.239	1.9027			
		0.0437	2.5312	2.517	2.5287	2.5417	2.5196	2.5288	2.4656	2.4017	2.2264	1.9098			
															
		
~End
Plate:	ZR751_3 FLUVA_NFV	1.3	PlateFormat	Endpoint	Absorbance	Raw	FALSE	1						1	570	1	11	96	2	6	None	
	Temperature(¡C)	1	2	3	4	5	6	7	8	9	10	11	12		
	27.50														
		0.0447	2.2871	2.1417	2.441	2.0689	2.0785	1.991	1.8014	1.8454	1.5642	0.9486			
		0.0452	2.5344	2.5233	2.4849	2.511	2.4694	2.4437	2.3557	2.0946	1.768	1.2187			
		0.0446	2.5299	2.518	2.5182	2.5479	2.5291	2.5112	2.4439	2.3882	2.164	1.5825			
		0.0441	2.5164	2.537	2.5367	2.5474	2.5048	2.542	2.4772	2.3873	2.255	1.8141			
		0.0452	2.5238	2.5346	2.5402	2.55	2.5453	2.5225	2.4958	2.5033	2.3894	2.0961			
		0.0442	2.5489	2.5157	2.5274	2.5223	2.5198	2.5159	2.4649	2.377	2.1739	1.8932			
															
		
~End
Plate:	436_1 FLUVA_NFV	1.3	PlateFormat	Endpoint	Absorbance	Raw	FALSE	1						1	570	1	11	96	2	6	None	
	Temperature(¡C)	1	2	3	4	5	6	7	8	9	10	11	12		
	27.50														
		0.0464	0.836	0.9442	0.8713	0.7741	0.5898	0.3353	0.1639	0.1375	0.1289	0.1122			
		0.0464	1.6582	1.7247	1.7273	1.5182	1.5044	1.2444	0.6633	0.2824	0.1775	0.1328			
		0.0484	2.3007	2.3547	2.3527	2.3397	2.1491	1.9265	1.226	0.6294	0.2506	0.1196			
		0.0475	2.4407	2.4306	2.4261	2.4132	2.3794	2.2817	1.7304	0.8835	0.2899	0.1493			
		0.0469	2.4162	2.4382	2.4752	2.4416	2.4165	2.2674	1.6822	1.0117	0.3382	0.1556			
		0.047	2.4141	2.4059	2.405	2.3917	2.3746	2.2552	1.9111	1.0923	0.2986	0.1662			
															
		
~End
Plate:	436_2 FLUVA_NFV	1.3	PlateFormat	Endpoint	Absorbance	Raw	FALSE	1						1	570	1	11	96	2	6	None	
	Temperature(¡C)	1	2	3	4	5	6	7	8	9	10	11	12		
	27.50														
		0.0445	0.7744	0.7912	0.705	0.6752	0.5822	0.3565	0.1597	0.1155	0.1161	0.1168			
		0.0449	1.5184	1.5806	1.616	1.4609	1.42	1.0452	0.6367	0.274	0.1661	0.1306			
		0.0468	2.2859	2.2624	2.2723	2.2216	2.114	1.9258	1.3043	0.5784	0.2423	0.1405			
		0.0463	2.401	2.4081	2.3552	2.3702	2.3169	2.1421	1.6789	0.7798	0.3267	0.1626			
		0.0489	2.42	2.4069	2.4156	2.3862	2.357	2.2329	1.7198	0.9873	0.3613	0.1748			
		0.0473	2.395	2.3287	2.3906	2.3147	2.2946	2.2158	1.8406	1.0554	0.4215	0.2019			
															
		
~End
Plate:	436_3 FLUVA_NFV	1.3	PlateFormat	Endpoint	Absorbance	Raw	FALSE	1						1	570	1	11	96	2	6	None	
	Temperature(¡C)	1	2	3	4	5	6	7	8	9	10	11	12		
	27.50														
		0.046	0.8361	0.8314	0.8025	0.747	0.5831	0.3263	0.1724	0.1368	0.1178	0.1332			
		0.0458	1.5488	1.6455	1.6225	1.5431	1.4697	1.1077	0.6097	0.2871	0.1805	0.1406			
		0.0457	2.2461	2.3437	2.2992	2.2938	2.1866	1.9169	1.3981	0.7869	0.3107	0.1479			
		0.0477	2.4122	2.3967	2.4235	2.4026	2.3633	2.1884	1.7581	0.9652	0.3726	0.1775			
		0.045	2.4414	2.4004	2.4476	2.3979	2.3923	2.3083	1.9527	1.0391	0.4571	0.2007			
		0.0466	2.3768	2.3786	2.3793	2.3582	2.3663	2.2689	1.9161	1.1432	0.5174	0.2294			
															
		
~End
Plate:	AU565_1 FLUVA_NFV	1.3	PlateFormat	Endpoint	Absorbance	Raw	FALSE	1						1	570	1	11	96	2	6	None	
	Temperature(¡C)	1	2	3	4	5	6	7	8	9	10	11	12		
	27.50														
		0.0483	0.7602	0.7003	0.6958	0.6277	0.6072	0.4985	0.3272	0.1814	0.1572	0.1381			
		0.0464	1.3891	1.3468	1.3425	1.3296	1.3602	1.078	0.5517	0.2733	0.1764	0.1522			
		0.047	1.5701	1.6208	1.4998	1.5861	1.555	1.2003	0.6187	0.297	0.1831	0.1805			
		0.0474	1.7159	1.6188	1.7524	1.7412	1.8209	1.3562	0.6952	0.3333	0.1984	0.1699			
		0.0456	1.7927	1.8076	1.7522	1.8173	1.7279	1.4056	0.743	0.3639	0.2283	0.1916			
		0.0458	1.7499	1.6785	1.6799	1.7424	1.7688	1.412	0.847	0.4799	0.2472	0.2118			
															
		
~End
Plate:	AU565_2 FLUVA_NFV	1.3	PlateFormat	Endpoint	Absorbance	Raw	FALSE	1						1	570	1	11	96	2	6	None	
	Temperature(¡C)	1	2	3	4	5	6	7	8	9	10	11	12		
	27.50														
		0.0449	0.7965	0.7318	0.6935	0.6531	0.6067	0.4866	0.2761	0.1753	0.1375	0.129			
		0.0469	1.2296	1.2518	1.2782	1.2551	1.2486	0.9513	0.5212	0.2414	0.1736	0.1665			
		0.047	1.5487	1.5636	1.5472	1.4647	1.5163	1.1605	0.6211	0.3151	0.1876	0.1781			
		0.0466	1.7571	1.7144	1.7979	1.7407	1.7495	1.3213	0.6954	0.3102	0.2008	0.1842			
		0.0464	1.7582	1.8196	1.7995	1.7928	1.7291	1.337	0.7648	0.3763	0.2166	0.1881			
		0.0447	1.8089	1.8663	1.7565	1.7268	1.8476	1.4295	0.8262	0.4373	0.2509	0.1897			
															
		
~End
Plate:	AU565_3 FLUVA_NFV	1.3	PlateFormat	Endpoint	Absorbance	Raw	FALSE	1						1	570	1	11	96	2	6	None	
	Temperature(¡C)	1	2	3	4	5	6	7	8	9	10	11	12		
	27.60														
		0.0464	0.9054	0.8843	0.8547	0.8066	0.7394	0.6295	0.3657	0.2145	0.171	0.1636			
		0.0472	1.3337	1.3571	1.2426	1.3456	1.2351	0.9727	0.5297	0.2682	0.1934	0.1773			
		0.0493	1.6203	1.607	1.6232	1.6192	1.5536	1.2499	0.6467	0.3279	0.2172	0.1859			
		0.0485	1.568	1.7096	1.6737	1.7566	1.6913	1.3555	0.6966	0.307	0.2328	0.1893			
		0.0477	1.8017	1.8334	1.7639	1.8138	1.8776	1.4166	0.8078	0.3984	0.239	0.2058			
		0.0508	1.7891	1.8471	1.8608	1.9058	1.8315	1.4452	0.8071	0.5113	0.2417	0.2104			
															
		
~End
Plate:	OCUBM_1 FLUVA_NFV	1.3	PlateFormat	Endpoint	Absorbance	Raw	FALSE	1						1	570	1	11	96	2	6	None	
	Temperature(¡C)	1	2	3	4	5	6	7	8	9	10	11	12		
	27.60														
		0.0476	0.2142	0.2117	0.198	0.1969	0.1989	0.1555	0.1515	0.123	0.1109	0.0948			
		0.0479	0.5818	0.5724	0.5529	0.5358	0.5944	0.486	0.4259	0.3376	0.2255	0.1664			
		0.0511	0.9076	0.8957	0.9514	0.9044	0.864	0.87	0.7309	0.4993	0.2351	0.1684			
		0.049	1.3205	1.3387	1.2795	1.3441	1.3183	1.2108	1.1928	0.7752	0.3814	0.2072			
		0.0485	1.2984	1.3021	1.2428	1.309	1.2846	1.2699	1.2028	0.7998	0.4225	0.2011			
		0.0462	1.3398	1.3581	1.277	1.4022	1.3279	1.406	1.26	0.8744	0.5682	0.2758			
															
		
~End
Plate:	OCUBM_2 FLUVA_NFV	1.3	PlateFormat	Endpoint	Absorbance	Raw	FALSE	1						1	570	1	11	96	2	6	None	
	Temperature(¡C)	1	2	3	4	5	6	7	8	9	10	11	12		
	27.60														
		0.0462	0.1843	0.1925	0.1973	0.1916	0.1682	0.1644	0.1293	0.1129	0.1092	0.0962			
		0.0458	0.5823	0.5948	0.6025	0.5293	0.4914	0.4852	0.407	0.3257	0.2508	0.1532			
		0.0473	0.9811	0.88	0.8855	0.8462	0.8211	0.8359	0.7224	0.431	0.2481	0.1551			
		0.0477	1.271	1.2534	1.2744	1.2002	1.1951	1.147	1.0343	0.681	0.342	0.2007			
		0.047	1.2645	1.2471	1.2354	1.2762	1.1914	1.1016	1.0949	0.7458	0.3938	0.2125			
		0.0478	1.3509	1.2439	1.2972	1.2528	1.266	1.1341	1.1601	0.857	0.5229	0.2678			
															
		
~End
Plate:	OCUBM_3 FLUVA_NFV	1.3	PlateFormat	Endpoint	Absorbance	Raw	FALSE	1						1	570	1	11	96	2	6	None	
	Temperature(¡C)	1	2	3	4	5	6	7	8	9	10	11	12		
	27.60														
		0.0459	0.2149	0.2157	0.2026	0.1922	0.1934	0.1789	0.1527	0.1123	0.1184	0.1113			
		0.0458	0.6931	0.6592	0.6228	0.617	0.5417	0.5339	0.4604	0.3654	0.2659	0.1767			
		0.045	1.038	0.9895	0.9331	0.9938	0.9575	0.9032	0.7718	0.5382	0.2712	0.165			
		0.0443	1.3711	1.3281	1.326	1.2737	1.2396	1.1668	1.059	0.7412	0.4144	0.2401			
		0.0453	1.4411	1.3285	1.2802	1.2502	1.3123	1.1844	1.248	0.805	0.4276	0.2289			
		0.0458	1.4304	1.3031	1.3462	1.3368	1.3363	1.279	1.2116	0.9061	0.5952	0.3173			
															
		
~End
Plate:	CAL51_1 FLUVA_NFV	1.3	PlateFormat	Endpoint	Absorbance	Raw	FALSE	1						1	570	1	11	96	2	6	None	
	Temperature(¡C)	1	2	3	4	5	6	7	8	9	10	11	12		
	27.70														
		0.046	1.7679	1.8975	1.6349	1.8071	1.6695	1.4367	0.7866	0.333	0.1839	0.1182			
		0.0457	2.4594	2.4064	2.4591	2.4389	2.3697	2.3722	1.7045	0.7265	0.2341	0.1479			
		0.0449	2.4176	2.458	2.4552	2.4684	2.4368	2.3373	1.9305	0.9862	0.356	0.1674			
		0.0453	2.4604	2.4898	2.4625	2.4559	2.442	2.3768	2.0194	1.0825	0.3529	0.1552			
		0.0441	2.4706	2.453	2.4918	2.4555	2.4338	2.3705	2.077	1.2506	0.5456	0.2205			
		0.0455	2.4655	2.4738	2.4622	2.4587	2.4618	2.4403	2.2293	1.4137	0.5767	0.2062			
															
		
~End
Plate:	CAL51_2 FLUVA_NFV	1.3	PlateFormat	Endpoint	Absorbance	Raw	FALSE	1						1	570	1	11	96	2	6	None	
	Temperature(¡C)	1	2	3	4	5	6	7	8	9	10	11	12		
	27.70														
		0.0443	1.8248	1.6554	1.6876	1.6527	1.6703	1.3468	0.7315	0.3202	0.1756	0.141			
		0.0452	2.4422	2.4621	2.4312	2.4356	2.4302	2.3744	1.8276	0.6749	0.2541	0.155			
		0.0445	2.4515	2.4684	2.4531	2.462	2.4263	2.3678	1.8814	0.8749	0.3818	0.1683			
		0.0438	2.4646	2.4865	2.4788	2.487	2.4408	2.4197	2.096	1.247	0.4259	0.1768			
		0.0444	2.4841	2.4682	2.4707	2.4581	2.4507	2.368	2.1025	1.2592	0.4739	0.1668			
		0.0441	2.4781	2.4602	2.4434	2.4667	2.4701	2.4052	2.1498	1.2975	0.4709	0.1798			
															
		
~End
Plate:	CAL51_3 FLUVA_NFV	1.3	PlateFormat	Endpoint	Absorbance	Raw	FALSE	1						1	570	1	11	96	2	6	None	
	Temperature(¡C)	1	2	3	4	5	6	7	8	9	10	11	12		
	27.70														
		0.0468	1.659	1.5492	1.5304	1.4923	1.371	1.011	0.5211	0.2258	0.1193	0.0996			
		0.0457	2.4633	2.4684	2.4269	2.4354	2.3765	2.3141	1.7015	0.6877	0.2048	0.1089			
		0.0453	2.4532	2.46	2.4518	2.4571	2.406	2.3499	1.7065	0.8213	0.2665	0.1427			
		0.0472	2.4603	2.4768	2.4796	2.4695	2.4659	2.3959	1.8944	0.9504	0.3451	0.1387			
		0.0463	2.4748	2.4804	2.461	2.4329	2.4519	2.3842	1.9997	1.125	0.4231	0.1452			
		0.045	2.4893	2.4603	2.4423	2.4597	2.4586	2.4306	2.2028	1.234	0.3813	0.144			
															
		
~End
Plate:	468_1 FLUVA_NFV	1.3	PlateFormat	Endpoint	Absorbance	Raw	FALSE	1						1	570	1	11	96	2	6	None	
	Temperature(¡C)	1	2	3	4	5	6	7	8	9	10	11	12		
	27.70														
		0.0561	1.6651	1.6843	1.7609	1.6445	1.5297	1.1933	0.6098	0.274	0.1828	0.1632			
		0.053	2.3861	2.396	2.4106	2.3765	2.3716	2.277	1.8941	1.0371	0.3293	0.1923			
		0.0441	2.4199	2.4396	2.413	2.4304	2.4109	2.3452	2.0504	1.2179	0.3823	0.1948			
		0.0454	2.4252	2.4522	2.436	2.4556	2.4195	2.3983	2.2426	1.7935	0.7062	0.2133			
		0.0438	2.4369	2.4418	2.4344	2.436	2.4528	2.4007	2.2568	1.6898	0.6578	0.1997			
		0.0448	2.4264	2.4616	2.4158	2.4255	2.417	2.4287	2.2877	1.8959	0.8629	0.2202			
															
		
~End
Plate:	468_2 FLUVA_NFV	1.3	PlateFormat	Endpoint	Absorbance	Raw	FALSE	1						1	570	1	11	96	2	6	None	
	Temperature(¡C)	1	2	3	4	5	6	7	8	9	10	11	12		
	27.70														
		0.0462	1.8077	1.744	1.7987	1.6707	1.5245	1.1189	0.4831	0.193	0.1608	0.1447			
		0.0475	2.3809	2.3753	2.3631	2.3237	2.2904	2.1288	1.5639	0.6286	0.2244	0.1624			
		0.0471	2.3991	2.3973	2.4001	2.4165	2.3864	2.3327	2.0318	1.2528	0.339	0.1823			
		0.0448	2.4092	2.4363	2.4049	2.412	2.3968	2.3373	2.1171	1.3735	0.438	0.1682			
		0.0473	2.4308	2.4348	2.4405	2.4188	2.4204	2.3609	2.2042	1.6472	0.5942	0.1785			
		0.0466	2.4003	2.4268	2.3898	2.3894	2.3959	2.3653	2.2428	1.713	0.6305	0.1666			
															
		
~End
Plate:	468_3 FLUVA_NFV	1.3	PlateFormat	Endpoint	Absorbance	Raw	FALSE	1						1	570	1	11	96	2	6	None	
	Temperature(¡C)	1	2	3	4	5	6	7	8	9	10	11	12		
	27.80														
		0.0446	1.7068	1.7118	1.663	1.6328	1.5241	1.1355	0.4647	0.1897	0.1227	0.1168			
		0.045	2.3068	2.3455	2.3254	2.3173	2.2184	2.0824	1.5839	0.6533	0.1984	0.1332			
		0.0461	2.3657	2.3861	2.3883	2.3842	2.3634	2.3021	1.9519	1.0616	0.317	0.1386			
		0.0465	2.4071	2.422	2.422	2.41	2.4055	2.3688	2.1378	1.4041	0.4085	0.1633			
		0.0454	2.4127	2.411	2.4078	2.3949	2.4029	2.3518	2.184	1.5265	0.5423	0.1674			
		0.0459	2.3821	2.3859	2.3915	2.3772	2.3837	2.3456	2.195	1.7322	0.5989	0.165			
															
		
~End
Plate:	HCC38_1 FLUVA_NFV	1.3	PlateFormat	Endpoint	Absorbance	Raw	FALSE	1						1	570	1	11	96	2	6	None	
	Temperature(¡C)	1	2	3	4	5	6	7	8	9	10	11	12		
	27.80														
		0.0457	1.326	1.2528	1.3101	1.2279	1.0294	0.7882	0.3857	0.2047	0.1526	0.1302			
		0.0507	1.8335	1.86	1.8921	1.77	1.6755	1.3973	0.9444	0.5172	0.2538	0.1668			
		0.0484	1.8636	1.836	1.8491	1.917	1.8068	1.5956	1.1113	0.7112	0.3673	0.1813			
		0.0441	1.9939	2.0533	2.0676	1.9544	1.9415	1.6517	1.3959	0.8394	0.4167	0.1936			
		0.0446	1.9602	2.0117	2.0065	1.994	1.9032	1.8494	1.4318	0.9282	0.5651	0.2586			
		0.0446	1.925	1.9731	1.9616	1.9415	1.9188	1.8405	1.4852	0.8644	0.562	0.2291			
															
		
~End
Plate:	HCC38_2 FLUVA_NFV	1.3	PlateFormat	Endpoint	Absorbance	Raw	FALSE	1						1	570	1	11	96	2	6	None	
	Temperature(¡C)	1	2	3	4	5	6	7	8	9	10	11	12		
	27.80														
		0.0445	1.3303	1.3502	1.2685	1.2213	1.136	0.8279	0.4105	0.2189	0.1727	0.1535			
		0.0447	2.0285	2.0076	2.0323	1.817	1.8052	1.6369	1.0888	0.505	0.2811	0.1713			
		0.0464	1.9003	1.9477	1.9158	1.9129	1.8855	1.5823	1.2501	0.6953	0.4008	0.1984			
		0.0451	2.0218	1.8524	2.0555	2.0486	2.0479	1.8527	1.6204	0.9891	0.4804	0.2296			
		0.0457	2.0133	2.0171	2.0087	2.0318	1.9884	1.9911	1.6164	0.9839	0.5453	0.2676			
		0.0461	1.949	1.9789	1.9011	1.9221	1.898	1.9012	1.5826	1.0069	0.531	0.3038			
															
		
~End
Plate:	HCC38_3 FLUVA_NFV	1.3	PlateFormat	Endpoint	Absorbance	Raw	FALSE	1						1	570	1	11	96	2	6	None	
	Temperature(¡C)	1	2	3	4	5	6	7	8	9	10	11	12		
	27.80														
		0.0432	1.3468	1.2497	1.2736	1.0963	1.0202	0.9688	0.5598	0.2015	0.1429	0.1346			
		0.0446	1.7915	1.8105	1.8157	1.8346	1.8038	1.5481	1.1026	0.4936	0.2137	0.1326			
		0.0438	1.8223	1.9361	1.8114	1.914	1.9026	1.6474	1.2386	0.6838	0.2974	0.2054			
		0.0443	1.9452	2.0025	2.0003	1.9693	1.8728	1.7048	1.4267	0.8721	0.4197	0.1936			
		0.045	1.8813	1.9456	1.9746	1.9585	2.0314	1.8778	1.5533	1.0108	0.4982	0.2337			
		0.0483	1.7924	1.8532	1.8571	1.8586	1.7536	1.7951	1.4705	0.9633	0.4825	0.2369			
															
		
~End
Plate:	BT549_1 FLUVA_NFV	1.3	PlateFormat	Endpoint	Absorbance	Raw	FALSE	1						1	570	1	11	96	2	6	None	
	Temperature(¡C)	1	2	3	4	5	6	7	8	9	10	11	12		
	27.80														
		0.0524	0.2609	0.2515	0.299	0.235	0.2341	0.1651	0.1512	0.1548	0.138	0.1186			
		0.0458	0.6047	0.638	0.5792	0.6594	0.5481	0.3258	0.1768	0.1481	0.1765	0.1473			
		0.0451	1.8993	1.9024	1.9581	1.8919	1.8878	1.1484	0.4002	0.2009	0.184	0.1527			
		0.0461	2.0439	2.2016	2.1114	2.0831	1.9693	1.9223	0.6738	0.3565	0.1722	0.1645			
		0.0476	2.2456	2.2073	2.2374	2.2703	2.2525	2.0728	1.3377	0.4152	0.1685	0.1474			
		0.0529	2.0913	2.0702	2.1148	2.1408	2.0648	2.0215	1.4723	0.5945	0.3094	0.1633			
															
		
~End
Plate:	BT549_2 FLUVA_NFV	1.3	PlateFormat	Endpoint	Absorbance	Raw	FALSE	1						1	570	1	11	96	2	6	None	
	Temperature(¡C)	1	2	3	4	5	6	7	8	9	10	11	12		
	27.80														
		0.0448	0.2274	0.2104	0.2262	0.2358	0.2206	0.1434	0.0928	0.1163	0.1079	0.0989			
		0.0441	0.6916	0.6126	0.5733	0.5545	0.4493	0.337	0.1694	0.1357	0.1362	0.1201			
		0.0467	1.839	1.9781	1.9704	1.8913	1.6823	1.1477	0.3246	0.1621	0.1421	0.1103			
		0.0444	2.0737	2.116	2.2107	2.1641	2.1162	1.9533	0.7936	0.298	0.1443	0.1243			
		0.0443	2.1842	2.3131	2.226	2.2653	2.1095	2.1696	1.3274	0.3685	0.1603	0.1099			
		0.0439	2.1478	2.11	2.1616	2.0796	2.1235	1.9885	1.5057	0.5108	0.2693	0.1596			
															
		
~End
Plate:	BT549_3 FLUVA_NFV	1.3	PlateFormat	Endpoint	Absorbance	Raw	FALSE	1						1	570	1	11	96	2	6	None	
	Temperature(¡C)	1	2	3	4	5	6	7	8	9	10	11	12		
	27.80														
															
		0.0455	0.6409	0.6814	0.6215	0.6615	0.54	0.5705	0.2324	0.2089	0.1735	0.1575			
		0.0456	2.0145	1.9615	1.8944	1.8199	1.911	1.3238	0.3984	0.24	0.1707	0.1466			
		0.0449	2.1229	2.163	2.1516	2.1156	2.0662	1.9297	0.8125	0.4023	0.1846	0.1508			
		0.0443	2.2134	2.2713	2.2643	2.2712	2.157	2.1311	1.5106	0.5302	0.2136	0.1498			
		0.0458	2.157	2.1954	2.1715	2.0797	2.1608	2.0844	1.5609	0.7839	0.3156	0.1594			
															
		
~End
Plate:	CAL120_1 FLUVA_NFV	1.3	PlateFormat	Endpoint	Absorbance	Raw	FALSE	1						1	570	1	11	96	2	6	None	
	Temperature(¡C)	1	2	3	4	5	6	7	8	9	10	11	12		
	27.80														
		0.048	0.801	0.8483	0.8687	0.8929	0.9772	0.8732	0.412	0.1397	0.1129	0.1013			
		0.0478	1.9388	1.8943	1.7405	1.9148	1.9617	1.8068	1.0664	0.3768	0.1453	0.1174			
		0.0475	1.9634	2.1634	2.116	2.0637	2.0563	2.0644	1.4789	0.5538	0.1951	0.1097			
		0.0542	1.9311	2.0499	2.0792	1.9876	2.0998	1.9471	1.4372	0.7453	0.2483	0.1382			
		0.0465	2.0957	1.9737	2.0865	2.1476	2.0936	2.0409	1.6744	0.9218	0.3911	0.1445			
		0.0477	1.9168	2.0261	1.9842	2.0372	2.0595	1.7741	1.5629	0.93	0.4302	0.1758			
															
		
~End
Plate:	CAL120_2 FLUVA_NFV	1.3	PlateFormat	Endpoint	Absorbance	Raw	FALSE	1						1	570	1	11	96	2	6	None	
	Temperature(¡C)	1	2	3	4	5	6	7	8	9	10	11	12		
	27.90														
		0.0453	1.0777	1.0876	1.2221	1.1663	1.0989	0.9118	0.5175	0.1806	0.1466	0.1294			
		0.0453	1.9459	2.0301	2.11	2.1913	2.0907	1.8708	1.1953	0.4146	0.1895	0.1391			
		0.0484	2.0402	2.128	2.0577	2.1423	2.1422	1.969	1.5397	0.71	0.2539	0.1619			
		0.0455	2.0779	2.0846	2.2209	2.0393	1.9364	1.9807	1.6052	0.8803	0.3399	0.1569			
		0.0449	2.0367	2.0829	2.1498	2.0923	2.0166	1.9491	1.5433	0.9513	0.4028	0.184			
		0.0449	2.0012	2.0535	2.1244	2.0024	1.9158	1.8447	1.5835	1.1076	0.5213	0.1598			
															
		
~End
Plate:	CAL120_3 FLUVA_NFV	1.3	PlateFormat	Endpoint	Absorbance	Raw	FALSE	1						1	570	1	11	96	2	6	None	
	Temperature(¡C)	1	2	3	4	5	6	7	8	9	10	11	12		
	27.80														
		0.0449	0.9223	0.9066	1.0994	0.7764	1.051	0.7137	0.4075	0.2161	0.1752	0.149			
		0.0442	2.0691	2.0055	1.8826	2.0446	2.034	1.8342	1.4526	0.3637	0.2018	0.1547			
		0.0442	2.1574	2.1795	2.1281	2.0597	2.1501	2.0693	1.5641	0.6459	0.2665	0.1243			
		0.0442	1.9948	2.1079	2.0951	2.0373	2.0464	2.0033	1.7031	0.8715	0.3173	0.1663			
		0.044	2.1026	2.0551	2.1743	2.1152	2.117	2.0474	1.6778	1.0736	0.3509	0.1836			
		0.0443	1.9701	2.1058	2.1166	2.1169	2.004	1.9464	1.7082	1.0948	0.5614	0.1717			
															
		
~End
Plate:	HS578T_1 FLUVA_NFV	1.3	PlateFormat	Endpoint	Absorbance	Raw	FALSE	1						1	570	1	11	96	2	6	None	
	Temperature(¡C)	1	2	3	4	5	6	7	8	9	10	11	12		
	27.70														
		0.0467	1.6034	1.6647	1.6335	1.6324	1.5357	1.2051	0.7602	0.3267	0.1579	0.138			
		0.0447	2.026	2.0912	2.127	2.0285	1.961	1.8604	1.5412	1.0386	0.4859	0.1945			
		0.047	2.0939	2.0776	2.131	2.1786	2.1364	2.02	1.7438	1.2287	0.7868	0.2728			
		0.0459	2.1566	2.19	2.2093	2.2441	2.1936	2.1799	1.9511	1.5493	0.9514	0.4032			
		0.0455	2.2111	2.1739	2.297	2.1926	2.1824	2.0875	1.9261	1.4513	1.052	0.4808			
		0.0455	2.1383	2.1079	2.1909	2.1591	2.1815	2.0845	1.9251	1.4761	1.0687	0.4852			
															
		
~End
Plate:	HS578T_2 FLUVA_NFV	1.3	PlateFormat	Endpoint	Absorbance	Raw	FALSE	1						1	570	1	11	96	2	6	None	
	Temperature(¡C)	1	2	3	4	5	6	7	8	9	10	11	12		
	27.80														
		0.0451	1.735	1.7041	1.6806	1.5542	1.6375	1.3802	0.8676	0.3855	0.186	0.1782			
		0.0453	2.1566	2.1455	2.1312	2.1482	2.1192	2.0049	1.7135	1.0816	0.5546	0.2455			
		0.0454	2.1793	2.2409	2.227	2.308	2.3005	2.0662	1.8313	1.4316	0.8875	0.4113			
		0.0459	2.2256	2.3219	2.3027	2.2656	2.29	2.1928	2.0813	1.6097	1.1562	0.5897			
		0.0448	2.286	2.2544	2.3082	2.283	2.3068	2.2824	2.0641	1.7368	1.1781	0.6303			
		0.0456	2.272	2.2682	2.2772	2.2486	2.2028	2.1879	1.9652	1.6476	1.1218	0.6389			
															
		
~End
Plate:	HS578T_3 FLUVA_NFV	1.3	PlateFormat	Endpoint	Absorbance	Raw	FALSE	1						1	570	1	11	96	2	6	None	
	Temperature(¡C)	1	2	3	4	5	6	7	8	9	10	11	12		
	27.80														
		0.0454	1.6797	1.7383	1.707	1.5055	1.4546	1.2754	0.8244	0.365	0.1647	0.141			
		0.0461	2.0193	2.0604	2.0539	2.0364	2.0421	1.8911	1.6472	1.0335	0.5011	0.2121			
		0.0436	2.1231	2.08	2.1623	2.1046	2.043	1.9568	1.671	1.1579	0.6741	0.3238			
		0.0441	2.1875	2.1713	2.2185	2.1966	2.165	2.0369	1.8559	1.4931	0.958	0.4441			
		0.0444	2.1794	2.1669	2.154	2.2028	2.146	2.0939	1.8578	1.3645	0.9915	0.483			
		0.0435	2.1321	2.1221	2.1125	2.1498	2.0834	1.9961	1.7784	1.4052	1.0397	0.4441			
															
		
~End
Plate:	MDA361_1 FLUVA_NFV	1.3	PlateFormat	Endpoint	Absorbance	Raw	FALSE	1						1	570	1	11	96	2	6	None	
	Temperature(¡C)	1	2	3	4	5	6	7	8	9	10	11	12		
	27.80														
		0.0458	1.2373	1.3427	2.0887	1.6011	1.6008	1.5159	1.6658	1.2851	0.8014	0.4659			
		0.0469	2.4814	2.464	2.4807	2.4764	2.4507	2.5147	2.4606	2.2642	1.6036	0.7477			
		0.0459	2.4827	2.5064	2.4979	2.5425	2.5215	2.5128	2.4919	2.4799	2.2851	1.3743			
		0.0499	2.4861	2.5072	2.485	2.506	2.5272	2.5133	2.4671	2.4395	2.3295	1.657			
		0.0502	2.5464	2.5115	2.5445	2.5033	2.5194	2.5239	2.484	2.5282	2.4696	2.3014			
		0.0451	2.4625	2.4489	2.4576	2.4396	2.4477	2.4495	2.4429	2.3951	2.3316	1.999			
															
		
~End
Plate:	MDA361_2 FLUVA_NFV	1.3	PlateFormat	Endpoint	Absorbance	Raw	FALSE	1						1	570	1	11	96	2	6	None	
	Temperature(¡C)	1	2	3	4	5	6	7	8	9	10	11	12		
	27.80														
		0.0455	1.4316	1.4222	2.0698	1.373	1.5181	1.5813	1.7268	1.2693	0.7413	0.3916			
		0.0446	2.4148	2.423	2.4187	2.4292	2.4141	2.4384	2.3731	2.1834	1.4043	0.7332			
		0.0462	2.4717	2.5019	2.5096	2.5039	2.4907	2.4855	2.4923	2.4629	2.3055	1.34			
		0.0449	2.4584	2.5076	2.4767	2.476	2.5022	2.4861	2.4819	2.4487	2.3208	1.7765			
		0.0451	2.523	2.4641	2.528	2.51	2.5113	2.5059	2.5173	2.4995	2.4874	2.2476			
		0.0462	2.4504	2.3905	2.4737	2.4276	2.4453	2.4252	2.4471	2.4075	2.3371	2.0165			
															
		
~End
Plate:	MDA361_3 FLUVA_NFV	1.3	PlateFormat	Endpoint	Absorbance	Raw	FALSE	1						1	570	1	11	96	2	6	None	
	Temperature(¡C)	1	2	3	4	5	6	7	8	9	10	11	12		
	27.80														
		0.0447	1.3877	1.2461	2.0069	1.2738	1.2842	1.3596	1.6113	1.1853	0.7327	0.4165			
		0.0455	2.4304	2.4138	2.4315	2.418	2.4202	2.4323	2.4012	2.146	1.4632	0.7249			
		0.0454	2.4667	2.4745	2.4859	2.4918	2.4669	2.4991	2.4616	2.4155	2.2399	1.1095			
		0.0458	2.4459	2.4822	2.4694	2.4693	2.4849	2.4725	2.4619	2.3936	2.2402	1.7441			
		0.0476	2.5088	2.4948	2.525	2.493	2.482	2.5016	2.4851	2.4906	2.3923	2.2478			
		0.0453	2.4392	2.4232	2.452	2.4357	2.4273	2.4416	2.419	2.3818	2.3248	2.0266			
															
		
~End
Plate:	SKBR3_1 FLUVA_NFV	1.3	PlateFormat	Endpoint	Absorbance	Raw	FALSE	1						1	570	1	11	96	2	6	None	
	Temperature(¡C)	1	2	3	4	5	6	7	8	9	10	11	12		
	27.80														
		0.0466	0.7883	0.7474	1.03	0.7018	0.6567	0.6199	0.4667	0.3058	0.2443	0.2206			
		0.0451	1.617	1.467	1.5047	1.3788	1.3537	1.0601	0.6676	0.3975	0.2773	0.2422			
		0.0444	1.7373	1.6192	1.5668	1.5505	1.4613	1.1801	0.6659	0.4117	0.3098	0.2629			
		0.0467	1.8864	1.6953	1.6494	1.5528	1.5462	1.2816	0.7433	0.4594	0.3597	0.2626			
		0.0447	1.8397	1.8338	1.8133	1.8123	1.7054	1.3372	0.804	0.462	0.328	0.2743			
		0.0447	1.96	1.8569	1.8769	1.8185	1.7761	1.4543	0.8418	0.5221	0.3387	0.2764			
															
		
~End
Plate:	SKB53_2 FLUVA_NFV	1.3	PlateFormat	Endpoint	Absorbance	Raw	FALSE	1						1	570	1	11	96	2	6	None	
	Temperature(¡C)	1	2	3	4	5	6	7	8	9	10	11	12		
	27.80														
		0.0445	0.7377	0.7561	1.0216	0.6711	0.6855	0.6032	0.4033	0.2645	0.2272	0.23			
		0.0465	1.5013	1.4133	1.4407	1.2903	1.1936	1.0534	0.625	0.3066	0.2681	0.2225			
		0.0439	1.7226	1.6466	1.5829	1.5055	1.4369	1.1495	0.7371	0.4272	0.2775	0.257			
		0.0454	1.8378	1.7607	1.7466	1.6062	1.5839	1.2598	0.7577	0.4575	0.3167	0.2605			
		0.0504	1.879	1.7853	1.7748	1.8252	1.6657	1.4036	0.7728	0.4993	0.3155	0.2487			
		0.0458	1.981	1.8878	1.8402	1.8014	1.7541	1.389	0.8401	0.4402	0.31	0.2202			
															
		
~End
Plate:	SKBR3_3 FLUVA_NFV	1.3	PlateFormat	Endpoint	Absorbance	Raw	FALSE	1						1	570	1	11	96	2	6	None	
	Temperature(¡C)	1	2	3	4	5	6	7	8	9	10	11	12		
	27.90														
		0.052	0.7283	0.7715	0.9234	0.7366	0.6789	0.5995	0.4069	0.2468	0.213	0.1666			
		0.0456	1.3856	1.3532	1.2531	1.2754	1.1239	0.8958	0.5284	0.2852	0.2469	0.2078			
		0.0454	1.6641	1.5631	1.5915	1.4726	1.4452	1.1233	0.6937	0.4446	0.2989	0.2329			
		0.0452	1.6921	1.6526	1.6534	1.624	1.5484	1.1459	0.6957	0.4617	0.2966	0.2541			
		0.0443	1.7833	1.7686	1.6948	1.699	1.5769	1.3125	0.6934	0.4274	0.3119	0.2376			
		0.0447	1.8851	1.8774	1.82	1.7884	1.7475	1.4482	0.8623	0.4737	0.3324	0.2827			
															
		
~End
Plate:	EFM19_1 FLUVA_NFV	1.3	PlateFormat	Endpoint	Absorbance	Raw	FALSE	1						1	570	1	11	96	2	6	None	
	Temperature(¡C)	1	2	3	4	5	6	7	8	9	10	11	12		
	27.90														
		0.0443	1.8137	1.7422	2.2312	1.7117	1.7627	1.6981	1.7509	1.5021	1.0292	0.5808			
		0.0474	2.5164	2.5071	2.4839	2.4786	2.4624	2.4254	2.3168	2.0827	1.6147	1.0072			
		0.0456	2.487	2.4928	2.5006	2.5069	2.4845	2.4587	2.4067	2.2639	1.8214	0.9956			
		0.0442	2.4893	2.5118	2.5097	2.5118	2.4942	2.5031	2.4416	2.311	1.9918	1.4437			
		0.0457	2.5102	2.5025	2.5386	2.5124	2.5296	2.4935	2.4407	2.332	2.1098	1.3812			
		0.044	2.4969	2.487	2.4967	2.4998	2.4929	2.4776	2.4229	2.3701	2.1814	1.608			
															
		
~End
Plate:	EFM19_2 FLUVA_NFV	1.3	PlateFormat	Endpoint	Absorbance	Raw	FALSE	1						1	570	1	11	96	2	6	None	
	Temperature(¡C)	1	2	3	4	5	6	7	8	9	10	11	12		
	27.90														
		0.0452	2.0268	1.9656	2.3197	1.9448	1.8374	1.7749	1.7406	1.5918	1.1496	0.6551			
		0.0467	2.4922	2.4741	2.4509	2.446	2.4325	2.3836	2.2423	1.96	1.4159	0.8982			
		0.0477	2.5051	2.5176	2.4969	2.5122	2.4909	2.4693	2.3915	2.3429	2.0436	0.9948			
		0.0449	2.5012	2.5142	2.5047	2.4908	2.4665	2.4746	2.4161	2.3314	2.0085	1.4293			
		0.0461	2.5237	2.5145	2.5036	2.5022	2.4908	2.4771	2.4561	2.3535	2.2109	1.7429			
		0.0452	2.5206	2.4983	2.4913	2.4903	2.4933	2.4747	2.4382	2.4029	2.2594	1.6467			
															
		
~End
Plate:	ERFM19_3 FLUVA_NFV	1.3	PlateFormat	Endpoint	Absorbance	Raw	FALSE	1						1	570	1	11	96	2	6	None	
	Temperature(¡C)	1	2	3	4	5	6	7	8	9	10	11	12		
	27.80														
		0.0457	2.0228	2.039	2.2497	1.7723	1.9049	1.7925	1.6778	1.5048	1.0301	0.5731			
		0.0457	2.4896	2.4783	2.4512	2.4569	2.4534	2.3856	2.2577	1.9293	1.4602	0.7913			
		0.0453	2.5178	2.5186	2.5167	2.4806	2.4842	2.4382	2.4195	2.3073	1.9019	0.9704			
		0.0456	2.5077	2.5176	2.5116	2.4994	2.5024	2.4617	2.4278	2.3503	1.9811	1.3669			
		0.0456	2.4906	2.4945	2.4772	2.4968	2.4904	2.4783	2.4629	2.4265	2.2516	1.6465			
		0.0491	2.4969	2.488	2.4912	2.4949	2.4873	2.4506	2.4286	2.3705	2.2213	1.6026			
															
		
~End
Plate:	HCC202_1 FLUVA_NFV	1.3	PlateFormat	Endpoint	Absorbance	Raw	FALSE	1						1	570	1	11	96	2	6	None	
	Temperature(¡C)	1	2	3	4	5	6	7	8	9	10	11	12		
	27.90														
		0.045	0.9196	0.9621	1.2424	0.9715	0.8536	0.8087	0.7757	0.8173	0.5459	0.3399			
		0.0472	2.2743	2.2571	2.2453	2.266	2.218	2.187	1.9701	1.6991	1.4003	0.8847			
		0.052	2.0827	2.0449	2.1646	2.111	2.1165	2.0006	1.8079	1.4986	0.9139	0.5656			
		0.0459	2.3668	2.4157	2.3839	2.4157	2.4053	2.4217	2.2548	2.0501	1.7097	1.0649			
		0.0468	2.217	2.1933	2.2476	2.1623	2.1762	2.0669	2.0007	1.5803	1.143	0.5774			
		0.0492	2.4183	2.4345	2.3942	2.4054	2.4127	2.4076	2.3638	2.2688	1.9193	1.333			
															
		
~End
Plate:	HCC202_2 FLUVA_NFV	1.3	PlateFormat	Endpoint	Absorbance	Raw	FALSE	1						1	570	1	11	96	2	6	None	
	Temperature(¡C)	1	2	3	4	5	6	7	8	9	10	11	12		
	27.90														
		0.0448	0.6893	0.7221	0.9764	0.7383	0.6803	0.6426	0.6831	0.6088	0.4116	0.2969			
		0.0458	2.2182	2.183	2.1595	2.1672	2.1269	2.0656	1.7985	1.5446	1.2216	0.7447			
		0.0463	1.8777	1.7497	1.8002	1.7525	1.7058	1.5491	1.4371	1.1103	0.7239	0.4015			
		0.045	2.3509	2.3496	2.3628	2.3214	2.2937	2.2591	2.1796	1.928	1.5505	0.9442			
		0.0448	1.9521	1.9838	2.095	1.9674	1.9922	1.8526	1.7853	1.3905	0.9684	0.4481			
		0.0495	2.3854	2.3774	2.3512	2.3344	2.3372	2.3017	2.2536	2.1684	1.7901	1.1604			
															
		
~End
Plate:	HCC202_3 FLUVA_NFV	1.3	PlateFormat	Endpoint	Absorbance	Raw	FALSE	1						1	570	1	11	96	2	6	None	
	Temperature(¡C)	1	2	3	4	5	6	7	8	9	10	11	12		
	27.90														
		0.0452	0.8378	0.8245	1.1796	0.843	0.7736	0.7276	0.7532	0.6889	0.5022	0.3869			
		0.046	2.2828	2.3061	2.2183	2.2509	2.193	2.1067	1.9276	1.5735	1.1952	0.7778			
		0.048	1.9581	2.0015	2.0755	1.9323	1.8636	1.8558	1.6598	1.2497	0.8917	0.4388			
		0.0463	2.3826	2.402	2.3813	2.3715	2.3485	2.2843	2.1968	2.0603	1.6143	0.9161			
		0.046	2.1464	2.0771	2.1034	2.0669	2.0743	2.0509	1.8358	1.4859	1.0134	0.4917			
		0.0468	2.4012	2.3983	2.381	2.4033	2.3757	2.3462	2.2883	2.1918	1.8278	1.1612			
															
		
~End
Plate:	SKBR7_1 FLUVA_NFV	1.3	PlateFormat	Endpoint	Absorbance	Raw	FALSE	1						1	570	1	11	96	2	6	None	
	Temperature(¡C)	1	2	3	4	5	6	7	8	9	10	11	12		
	27.90														
		0.0451	1.4988	1.5972	1.9951	1.5541	1.3712	1.0009	0.7724	0.5831	0.4705	0.365			
		0.0461	2.4619	2.4674	2.4379	2.4243	2.2986	1.9062	1.3008	0.8914	0.6342	0.4392			
		0.045	2.5205	2.5389	2.5165	2.5258	2.4618	2.1912	1.6344	1.1193	0.7844	0.5059			
		0.0446	2.5296	2.5407	2.524	2.5145	2.4684	2.2924	1.6746	1.2177	0.7927	0.5006			
		0.0453	2.5433	2.5507	2.5325	2.5324	2.4817	2.3708	1.8578	1.3353	0.8542	0.5307			
		0.0445	2.5347	2.5292	2.5106	2.5017	2.4911	2.3587	1.9409	1.339	0.9309	0.5668			
															
		
~End
Plate:	SKBR7_2 FLUVA_NFV	1.3	PlateFormat	Endpoint	Absorbance	Raw	FALSE	1						1	570	1	11	96	2	6	None	
	Temperature(¡C)	1	2	3	4	5	6	7	8	9	10	11	12		
	27.90														
		0.0461	1.3599	1.4243	1.9163	1.3871	1.2325	0.8956	0.6958	0.4987	0.3735	0.2456			
		0.0461	2.5013	2.5051	2.507	2.5111	2.4097	2.0613	1.473	0.992	0.6227	0.3272			
		0.046	2.5222	2.5274	2.5262	2.5682	2.4938	2.1944	1.6546	1.1159	0.7303	0.3977			
		0.0454	2.5183	2.5543	2.5642	2.5552	2.5019	2.3424	1.7754	1.2377	0.7914	0.4056			
		0.0447	2.5266	2.5436	2.5617	2.564	2.5234	2.4119	1.9668	1.3667	0.9073	0.4733			
		0.0484	2.5275	2.527	2.5344	2.5392	2.5113	2.3338	1.768	1.1936	0.748	0.4596			
															
		
~End
Plate:	SKBR7_3 FLUVA_NFV	1.3	PlateFormat	Endpoint	Absorbance	Raw	FALSE	1						1	570	1	11	96	2	6	None	
	Temperature(¡C)	1	2	3	4	5	6	7	8	9	10	11	12		
	27.90														
		0.0452	1.4065	1.4705	1.917	1.3812	1.2594	0.9052	0.7063	0.5285	0.3511	0.2827			
		0.0447	2.4735	2.4727	2.4596	2.4378	2.293	1.8118	1.241	0.8279	0.554	0.3911			
		0.045	2.5364	2.5365	2.5327	2.5524	2.4482	2.1525	1.5656	1.0878	0.6964	0.4489			
		0.0467	2.532	2.5595	2.5423	2.5385	2.4619	2.2018	1.5688	1.1354	0.7703	0.4482			
		0.0467	2.545	2.5514	2.5478	2.5331	2.4955	2.2997	1.7693	1.2662	0.7823	0.4995			
		0.0469	2.5349	2.5756	2.5261	2.5234	2.5004	2.3547	1.8248	1.2462	0.8844	0.489			
															
		
~End
Plate:	KPL1_1 FLUVA_NFV	1.3	PlateFormat	Endpoint	Absorbance	Raw	FALSE	1						1	570	1	11	96	2	6	None	
	Temperature(¡C)	1	2	3	4	5	6	7	8	9	10	11	12		
	27.90														
		0.0452	0.6345	0.5666	0.6666	0.625	0.5819	0.5427	0.4979	0.4346	0.3085	0.2084			
		0.0467	2.2772	2.2403	2.1778	2.1536	2.167	2.0419	1.8219	1.1069	0.723	0.423			
		0.0452	2.4537	2.457	2.4461	2.471	2.3981	2.3877	2.2698	1.6574	1.0796	0.6929			
		0.0467	2.4582	2.4608	2.4624	2.4553	2.4148	2.4164	2.3064	1.8054	1.3498	0.7518			
		0.0456	2.4581	2.47	2.4797	2.4478	2.4594	2.4492	2.382	1.986	1.3695	0.8972			
		0.0475	2.4733	2.5077	2.4426	2.4642	2.4562	2.4345	2.3551	1.9477	1.4428	0.9284			
															
		
~End
Plate:	KPL1_2 FLUVA_NFV	1.3	PlateFormat	Endpoint	Absorbance	Raw	FALSE	1						1	570	1	11	96	2	6	None	
	Temperature(¡C)	1	2	3	4	5	6	7	8	9	10	11	12		
	28.00														
		0.0447	0.7221	0.6097	0.6445	0.6149	0.5866	0.4779	0.4765	0.4228	0.285	0.1818			
		0.0451	2.2376	2.1161	2.0947	2.0018	2.1029	1.9982	1.6876	0.9947	0.6929	0.4374			
		0.045	2.4071	2.4472	2.4152	2.4196	2.4122	2.3676	2.2417	1.7206	1.0132	0.6076			
		0.0454	2.435	2.4453	2.4365	2.4507	2.4427	2.4495	2.2778	1.8156	1.2342	0.8134			
		0.0489	2.4373	2.447	2.4711	2.4696	2.4496	2.4457	2.2944	2.0251	1.3357	0.7965			
		0.0448	2.4615	2.4629	2.4353	2.427	2.4637	2.4306	2.3717	2.0369	1.3801	0.9687			
															
		
~End
Plate:	KPL1_3 FLUVA_NFV	1.3	PlateFormat	Endpoint	Absorbance	Raw	FALSE	1						1	570	1	11	96	2	6	None	
	Temperature(¡C)	1	2	3	4	5	6	7	8	9	10	11	12		
	28.00														
		0.0452	0.6625	0.6243	0.6181	0.6361	0.5847	0.5336	0.4399	0.3419	0.2741	0.1639			
		0.0444	2.2722	2.1983	2.2504	2.2086	2.1071	2.0458	1.6236	1.0244	0.7183	0.3957			
		0.0453	2.435	2.4312	2.4258	2.4202	2.4303	2.3258	2.2135	1.6558	0.9982	0.5727			
		0.0448	2.4286	2.4743	2.4735	2.4845	2.4095	2.43	2.3854	1.9421	1.1232	0.7754			
		0.0471	2.4472	2.4471	2.4522	2.4697	2.475	2.4395	2.3644	2.0476	1.2611	0.7831			
		0.0445	2.4612	2.4351	2.4412	2.4369	2.4295	2.4646	2.3719	1.8712	1.2962	0.8649			
															
		
~End
Plate:	MCF7_1 FLUVA_NFV	1.3	PlateFormat	Endpoint	Absorbance	Raw	FALSE	1						1	570	1	11	96	2	6	None	
	Temperature(¡C)	1	2	3	4	5	6	7	8	9	10	11	12		
	28.00														
		0.0457	1.0238	0.9787	1.1336	1.1071	1.0452	0.936	0.7792	0.6429	0.4052	0.2182			
		0.046	2.4085	2.3762	2.383	2.3453	2.3801	2.3782	2.3173	1.9296	1.6337	0.8774			
		0.0456	2.4553	2.4588	2.4223	2.4415	2.4008	2.4309	2.3605	2.3105	1.9976	1.2899			
		0.0463	2.4674	2.4841	2.45	2.4612	2.4505	2.4275	2.4342	2.3388	2.0963	1.7309			
		0.0457	2.469	2.4794	2.4613	2.4485	2.4494	2.4436	2.4154	2.3295	2.2065	1.7515			
		0.048	2.4711	2.4545	2.452	2.4496	2.4306	2.3911	2.3822	2.3871	2.1043	1.8774			
															
		
~End
Plate:	MCF7_2 FLUVA_NFV	1.3	PlateFormat	Endpoint	Absorbance	Raw	FALSE	1						1	570	1	11	96	2	6	None	
	Temperature(¡C)	1	2	3	4	5	6	7	8	9	10	11	12		
	28.00														
		0.0456	1.1745	1.1743	1.0659	1.0303	1.0262	0.9298	0.7681	0.5892	0.2856	0.1674			
		0.0467	2.4242	2.4468	2.403	2.3922	2.3882	2.2788	2.1784	2.0291	1.5486	0.7996			
		0.0466	2.4654	2.4529	2.4388	2.4674	2.4802	2.3943	2.3939	2.2828	1.8552	1.3036			
		0.0466	2.479	2.4797	2.4907	2.4541	2.4587	2.4555	2.4241	2.2184	2.2014	1.6861			
		0.0448	2.468	2.4704	2.4698	2.4851	2.4517	2.4398	2.4258	2.3038	2.1929	1.7308			
		0.0443	2.4864	2.4479	2.4852	2.4334	2.4752	2.4356	2.388	2.3188	2.0985	1.7044			
															
		
~End
Plate:	MCF7_3 FLUVA_NFV	1.3	PlateFormat	Endpoint	Absorbance	Raw	FALSE	1						1	570	1	11	96	2	6	None	
	Temperature(¡C)	1	2	3	4	5	6	7	8	9	10	11	12		
	28.00														
		0.0452	1.1888	1.0663	1.0503	1.0398	0.9799	0.8986	0.091	0.5996	0.3203	0.1757			
		0.0463	2.4143	2.4005	2.4504	2.4117	2.4059	2.3016	2.2145	1.9086	1.4609	0.8434			
		0.0497	2.4643	2.443	2.4473	2.4495	2.4483	2.4349	2.376	2.3273	1.9168	1.2689			
		0.046	2.4701	2.487	2.4862	2.5031	2.4623	2.4437	2.4105	2.2712	2.0711	1.5055			
		0.0469	2.4789	2.4852	2.4918	2.4767	2.4861	2.439	2.4316	2.4098	2.0864	1.729			
		0.0479	2.4717	2.4662	2.463	2.4877	2.4481	2.4554	2.4187	2.3282	2.0136	1.7414			
															
		
~End
Plate:	T47D_1 FLUVA_NFV	1.3	PlateFormat	Endpoint	Absorbance	Raw	FALSE	1						1	570	1	11	96	2	6	None	
	Temperature(¡C)	1	2	3	4	5	6	7	8	9	10	11	12		
	28.00														
		0.0474	0.9983	0.7951	0.7633	0.8286	0.7667	0.6028	0.077	0.2256	0.1653	0.1244			
		0.0501	2.2691	2.1893	2.2344	2.231	2.2117	2.0688	1.8563	1.3502	0.7276	0.294			
		0.0466	2.3939	2.4065	2.4106	2.3803	2.3819	2.3481	2.2138	1.9532	1.3363	0.4653			
		0.0441	2.3589	2.2932	2.2481	2.2223	2.2122	2.1206	1.9801	1.7964	1.4264	0.5778			
		0.0455	2.3904	2.3369	2.3496	2.3575	2.3247	2.2431	2.187	2.015	1.7144	0.7948			
		0.0454	2.3589	2.2897	2.3711	2.3491	2.3863	2.3304	2.2759	2.1411	1.9099	1.1018			
															
		
~End
Plate:	T47D_2 FLUVA_NFV	1.3	PlateFormat	Endpoint	Absorbance	Raw	FALSE	1						1	570	1	11	96	2	6	None	
	Temperature(¡C)	1	2	3	4	5	6	7	8	9	10	11	12		
	28.00														
		0.0437	0.8635	0.833	0.8697	0.8093	0.704	0.6025	0.1874	0.227	0.157	0.1418			
		0.0447	2.2935	2.2716	2.2025	2.1921	2.1542	2.0134	1.7798	1.4171	0.7714	0.2766			
		0.047	2.3909	2.3904	2.397	2.3532	2.3411	2.2849	2.1393	1.9529	1.3722	0.5373			
		0.0447	2.4065	2.4242	2.3949	2.4084	2.4026	2.3702	2.2994	2.1047	1.6224	0.7581			
		0.0514	2.3834	2.3936	2.3764	2.4013	2.3853	2.3967	2.3506	2.1641	1.8339	0.9946			
		0.0437	2.4121	2.4043	2.4155	2.4305	2.4119	2.3601	2.3322	2.1969	1.9757	1.3845			
															
		
~End
Plate:	T47D_3 FLUVA_NFV	1.3	PlateFormat	Endpoint	Absorbance	Raw	FALSE	1						1	570	1	11	96	2	6	None	
	Temperature(¡C)	1	2	3	4	5	6	7	8	9	10	11	12		
	28.00														
		0.0451	1.032	1.0021	1.0675	1.0428	0.848	0.7039	0.2693	0.2722	0.2574	0.2054			
		0.045	2.2625	2.3158	2.2819	2.2884	2.2547	2.1775	2.0001	1.6251	0.956	0.3736			
		0.045	2.3769	2.3979	2.3972	2.3955	2.4001	2.3478	2.2525	2.0189	1.5458	0.661			
		0.0486	2.4111	2.4345	2.4309	2.4196	2.3926	2.4134	2.3463	2.2178	1.9031	0.8728			
		0.0444	2.4225	2.4284	2.4396	2.4236	2.4256	2.4005	2.3613	2.2782	2.0141	1.1312			
		0.0461	2.4176	2.4282	2.4128	2.4173	2.4188	2.3857	2.367	2.3222	2.0855	1.4574			
															
		
~End
Plate:	CAMA1_1 FLUVA_NFV	1.3	PlateFormat	Endpoint	Absorbance	Raw	FALSE	1						1	570	1	11	96	2	6	None	
	Temperature(¡C)	1	2	3	4	5	6	7	8	9	10	11	12		
	28.00														
		0.0602	2.0675	2.1718	2.2199	2.0992	2.0023	1.9501	1.8488	1.7298	0.7328	0.6789			
		0.0615	2.5582	2.5204	2.5425	2.5496	2.5405	2.5501	2.4829	1.7094	1.3746	0.9157			
		0.0497	2.4884	2.5366	2.5335	2.561	2.5436	2.5319	2.4924	2.3143	1.675	1.1136			
		0.0485	2.5148	2.554	2.5522	2.5443	2.5325	2.5451	2.5174	2.4232	2.134	1.7107			
		0.0525	2.5023	2.5287	2.56	2.5183	2.5418	2.5096	2.4939	2.4409	2.0997	2.0315			
		0.0522	2.5215	2.5277	2.5208	2.5192	2.5493	2.5412	2.5069	2.4742	2.441	1.6921			
															
		
~End
Plate:	CAMA1_2 FLUVA_NFV	1.3	PlateFormat	Endpoint	Absorbance	Raw	FALSE	1						1	570	1	11	96	2	6	None	
	Temperature(¡C)	1	2	3	4	5	6	7	8	9	10	11	12		
	28.00														
		0.045	1.835	2.1521	2.0907	2.1701	2.1009	2.1386	2.1614	1.6669	1.1844	0.8979			
		0.0472	2.534	2.5163	2.544	2.531	2.5317	2.5344	2.4763	2.2172	1.4358	1.1235			
		0.0461	2.5171	2.5287	2.5263	2.5438	2.5218	2.5195	2.4965	2.2889	1.5624	1.421			
		0.0448	2.5344	2.5336	2.5275	2.5201	2.5182	2.5335	2.5157	2.4153	2.1391	1.6871			
		0.0469	2.5253	2.5309	2.5471	2.5052	2.513	2.5181	2.4928	2.4544	2.2741	2.1228			
		0.0457	2.4913	2.4959	2.5044	2.5137	2.5346	2.5201	2.4991	2.486	2.4672	2.3436			
															
		
~End
Plate:	CAMA1_3 FLUVA_NFV	1.3	PlateFormat	Endpoint	Absorbance	Raw	FALSE	1						1	570	1	11	96	2	6	None	
	Temperature(¡C)	1	2	3	4	5	6	7	8	9	10	11	12		
	28.10														
		0.0451	1.8319	1.7827	1.809	1.8291	1.8519	1.8995	1.4929	1.6327	0.912	0.7375			
		0.0465	2.5032	2.5042	2.5028	2.5019	2.4968	2.4949	2.4646	2.1035	1.3448	0.9149			
		0.0449	2.498	2.5215	2.5246	2.5092	2.514	2.5135	2.4647	1.9149	1.6437	1.219			
		0.0445	2.4893	2.4439	2.4277	2.442	2.4607	2.4496	2.4474	2.3354	1.9537	1.5061			
		0.0455	2.4895	2.4747	2.4861	2.4863	2.4855	2.3774	2.4372	2.378	2.1163	1.7146			
		0.0449	2.4915	2.4628	2.4839	2.4617	2.5121	2.507	2.4707	2.4492	2.3843	1.6513			
															
		
~End
Plate:	MA CLS 2_1 FLUVA_NFV	1.3	PlateFormat	Endpoint	Absorbance	Raw	FALSE	1						1	570	1	11	96	2	6	None	
	Temperature(¡C)	1	2	3	4	5	6	7	8	9	10	11	12		
	28.10														
		0.0439	1.6677	1.7311	1.7656	1.666	1.3901	0.8772	0.3349	0.1953	0.1581	0.1453			
		0.0462	1.958	2.023	2.0206	1.9687	1.8476	1.3145	0.8429	0.4657	0.2611	0.2283			
		0.0467	2.3303	2.3677	2.3744	2.387	2.301	2.2474	1.9926	1.3424	0.6475	0.2991			
		0.0492	2.225	2.2964	2.3025	2.3344	2.1743	2.1439	1.8011	1.1455	0.7042	0.2603			
		0.0465	2.4168	2.4079	2.3962	2.4055	2.3912	2.352	2.2326	1.8866	1.2654	0.5159			
		0.046	2.3199	2.3238	2.258	2.3153	2.2051	2.1186	1.664	1.2752	0.831	0.447			
															
		
~End
Plate:	MA CLS 2_2 FLUVA_NFV	1.3	PlateFormat	Endpoint	Absorbance	Raw	FALSE	1						1	570	1	11	96	2	6	None	
	Temperature(¡C)	1	2	3	4	5	6	7	8	9	10	11	12		
	28.10														
		0.045	1.7297	1.8528	1.8554	1.7313	1.5387	1.0133	0.3986	0.1644	0.1595	0.1412			
		0.0448	2.3038	2.3444	2.3838	2.2684	2.3288	2.2462	1.2021	1.0118	0.3375	0.2182			
		0.0448	2.3714	2.3866	2.3997	2.445	2.3904	2.3703	2.0322	1.443	0.8248	0.2924			
		0.0452	2.3606	2.4526	2.4533	2.4649	2.4047	2.4185	2.2482	1.9504	1.2472	0.421			
		0.0448	2.4071	2.447	2.4519	2.4672	2.4293	2.422	2.3341	2.0891	1.4225	0.5402			
		0.0459	2.4217	2.3362	2.3313	2.3937	2.3805	2.3849	2.2892	1.9762	1.3205	0.6293			
															
		
~End
Plate:	MA CLS 2_3 FLUVA_NFV	1.3	PlateFormat	Endpoint	Absorbance	Raw	FALSE	1						1	570	1	11	96	2	6	None	
	Temperature(¡C)	1	2	3	4	5	6	7	8	9	10	11	12		
	28.10														
		0.045	1.7911	1.7477	1.7805	1.8076	1.6188	1.0222	0.419	0.2059	0.1725	0.1624			
		0.0459	2.0717	2.1346	2.158	2.1132	2.1584	1.6444	1.0434	0.5437	0.3209	0.2264			
		0.0448	2.282	2.3895	2.4017	2.379	2.3769	2.2707	1.8516	1.4254	0.7509	0.3264			
		0.0451	2.3341	2.423	2.3187	2.3747	2.3172	2.2561	1.8847	1.4646	1.0925	0.4634			
		0.0457	2.4481	2.4264	2.4257	2.4225	2.4052	2.3903	2.2601	1.9868	1.3194	0.5961			
		0.0469	2.3205	2.3747	2.3484	2.3147	2.4049	2.3988	2.3068	2.0911	1.2633	0.5804			
															
		
~End
Plate:	MDA175VII_1 FLUVA_NFV	1.3	PlateFormat	Endpoint	Absorbance	Raw	FALSE	1						1	570	1	11	96	2	6	None	
	Temperature(¡C)	1	2	3	4	5	6	7	8	9	10	11	12		
	28.10														
		0.0472	1.304	1.1329	1.071	1.1124	1.1128	1.1681	0.9632	1.1184	1.0464	0.9633			
		0.0466	1.9217	1.6579	1.6712	1.7414	1.6442	1.7611	1.6124	1.6303	1.4206	1.3381			
		0.046	2.0282	1.701	1.7198	1.7818	1.7709	1.8651	1.7524	1.5246	1.5178	1.4728			
		0.0498	1.585	1.204	1.388	1.3737	1.4447	1.6071	1.3718	1.4151	1.3299	1.0318			
		0.0495	1.656	1.3809	1.6233	1.508	1.5682	1.6521	1.4922	1.5412	1.4514	1.3145			
		0.0492	1.501	1.4156	1.5113	1.4885	1.69	1.665	1.4894	1.3309	1.5133	1.4708			
															
		
~End
Plate:	MDA175VII_2 FLUVA_NFV	1.3	PlateFormat	Endpoint	Absorbance	Raw	FALSE	1						1	570	1	11	96	2	6	None	
	Temperature(¡C)	1	2	3	4	5	6	7	8	9	10	11	12		
	28.10														
		0.0511	1.4655	1.4053	1.4501	1.4857	1.4763	1.3948	1.2199	1.231	1.0995	0.7877			
		0.0561	1.969	1.9805	1.9817	1.9713	1.9066	1.8173	1.7394	1.6458	1.5718	1.446			
		0.0527	2.0263	2.0338	2.0455	2.031	1.9511	1.8618	1.8294	1.6998	1.5602	1.4882			
		0.0521	2.1586	2.1374	2.1005	2.0925	2.0075	1.9657	1.8564	1.7332	1.6362	1.4699			
		0.0479	2.097	2.0819	2.084	2.0554	1.9902	1.9675	1.7971	1.7457	1.6608	1.5003			
		0.0489	2.0835	2.0481	2.0818	2.0501	2.0091	1.9473	1.8671	1.7444	1.6269	1.5422			
															
		
~End
Plate:	MDA175VII_3 FLUVA_NFV	1.3	PlateFormat	Endpoint	Absorbance	Raw	FALSE	1						1	570	1	11	96	2	6	None	
	Temperature(¡C)	1	2	3	4	5	6	7	8	9	10	11	12		
	28.10														
		0.047	1.4986	1.3709	1.3142	1.3738	1.3618	1.3151	1.1995	1.177	1.1118	1.0081			
		0.0446	2.0311	2.0434	1.958	1.9903	1.8772	1.8342	1.7005	1.5655	1.5918	1.4741			
		0.0447	2.0905	2.0819	1.9985	1.9975	1.979	1.87	1.7581	1.5967	1.5366	1.4504			
		0.044	2.1234	1.9752	1.9974	2.0191	1.9767	1.9988	1.7535	1.7342	1.6718	1.4706			
		0.0451	2.1982	2.0427	2.0401	2.0523	1.9816	1.9862	1.8429	1.7814	1.7168	1.5816			
		0.0447	2.0895	1.9925	2.0017	1.9562	1.9644	1.8724	1.8969	1.7009	1.7356	1.7196			
															
		
~End
Plate:	MPE600_1 FLUVA_NFV	1.3	PlateFormat	Endpoint	Absorbance	Raw	FALSE	1						1	570	1	11	96	2	6	None	
	Temperature(¡C)	1	2	3	4	5	6	7	8	9	10	11	12		
	28.10														
		0.0441	0.7565	0.6801	0.7484	0.6215	0.5467	0.4554	0.1976	0.1104	0.1091	0.0923			
		0.0449	2.5259	2.4993	2.5135	2.5081	2.5022	2.4174	1.3644	0.3047	0.1146	0.1004			
		0.0489	2.5201	2.5245	2.4992	2.5315	2.546	2.5201	0.8957	0.814	0.1534	0.1071			
		0.0467	2.5216	2.5503	2.558	2.5535	2.5263	2.5727	1.9099	0.657	0.2405	0.1122			
		0.0448	2.5318	2.5425	2.5544	2.557	2.5515	2.5331	2.2591	0.7481	0.2566	0.1124			
		0.0482	2.535	2.4978	2.53	2.5342	2.5424	2.5309	1.5626	0.8736	0.2184	0.1368			
															
		
~End
Plate:	MPE600_2 FLUVA_NFV	1.3	PlateFormat	Endpoint	Absorbance	Raw	FALSE	1						1	570	1	11	96	2	6	None	
	Temperature(¡C)	1	2	3	4	5	6	7	8	9	10	11	12		
	28.10														
		0.0444	1.12	0.7902	0.8205	0.7218	0.6479	0.4476	0.2175	0.1112	0.1024	0.0885			
		0.0467	2.5231	2.517	2.5114	2.5249	2.5129	2.2835	1.0823	0.263	0.1128	0.0999			
		0.046	2.5158	2.5112	2.5257	2.5419	2.541	2.4789	1.44	0.4718	0.14	0.1075			
		0.0464	2.5077	2.5372	2.547	2.5338	2.5227	2.5367	1.2181	0.5436	0.1645	0.1079			
		0.0458	2.5248	2.5422	2.5405	2.562	2.5402	2.5366	1.9364	0.6557	0.2489	0.1144			
		0.0452	2.5189	2.5111	2.5202	2.5304	2.5396	2.5353	1.4936	0.8382	0.2555	0.1226			
															
		
~End
Plate:	MPE600_3 FLUVA_NFV	1.3	PlateFormat	Endpoint	Absorbance	Raw	FALSE	1						1	570	1	11	96	2	6	None	
	Temperature(¡C)	1	2	3	4	5	6	7	8	9	10	11	12		
	28.00														
		0.0459	1.1997	0.9448	0.6962	1.1221	0.8933	0.5864	0.34	0.1439	0.1262	0.1241			
		0.0458	2.5118	2.4749	2.5222	2.4568	2.4845	2.4281	0.8959	0.2757	0.123	0.1216			
		0.0457	2.5274	2.5359	2.5232	2.5515	2.5092	2.5119	1.1152	0.4116	0.1448	0.1367			
		0.0539	2.5015	2.5479	2.5269	2.5263	2.498	2.507	1.4845	0.4755	0.1596	0.1236			
		0.0462	2.5272	2.5214	2.5254	2.5211	2.5075	2.5018	2.0266	1.0368	0.203	0.1358			
		0.0475	2.479	2.5276	2.5088	2.4892	2.5136	2.4984	1.7108	0.5795	0.1871	0.1229			
															
		
~End
Plate:	EVSAT_1 FLUVA_NFV	1.3	PlateFormat	Endpoint	Absorbance	Raw	FALSE	1						1	570	1	11	96	2	6	None	
	Temperature(¡C)	1	2	3	4	5	6	7	8	9	10	11	12		
	28.10														
		0.0453	0.4155	0.3925	0.4392	0.374	0.3945	0.3883	0.3734	0.3719	0.3246	0.224			
		0.0468	2.2304	2.1468	1.9619	1.9637	1.954	1.8962	1.7692	1.7174	1.4726	1.0149			
		0.0517	2.4916	2.4971	2.4996	2.4989	2.4899	2.4995	2.4552	2.4243	2.2953	1.9382			
		0.0478	2.513	2.5334	2.5203	2.5337	2.5031	2.5228	2.5202	2.515	2.5224	2.4749			
		0.0465	2.5297	2.5161	2.5437	2.5006	2.5103	2.4883	2.5016	2.51	2.4859	1.2259			
		0.0457	2.5033	2.4937	2.5124	2.5002	2.5357	2.5307	2.5123	2.5034	2.5164	2.4093			
															
		
~End
Plate:	EVSAT_2 FLUVA_NFV	1.3	PlateFormat	Endpoint	Absorbance	Raw	FALSE	1						1	570	1	11	96	2	6	None	
	Temperature(¡C)	1	2	3	4	5	6	7	8	9	10	11	12		
	28.00														
		0.0462	0.3736	0.353	0.3663	0.3915	0.3567	0.3502	0.3436	0.2786	0.2722	0.1854			
		0.0466	1.892	1.9271	1.8223	1.7653	1.8556	1.6272	1.9094	1.6634	1.5429	0.9195			
		0.0465	2.367	2.4481	2.4604	2.4257	2.373	2.4542	2.3959	2.3665	2.3282	1.8072			
		0.0585	2.461	2.4721	2.4846	2.5066	2.4574	2.4745	2.4218	2.4107	2.4785	2.0509			
		0.0474	2.5018	2.4754	2.5021	2.4708	2.4873	2.4996	2.4563	2.5114	2.4632	2.3218			
		0.0458	2.5036	2.4689	2.4579	2.4492	2.5031	2.4669	2.4496	2.4789	2.4892	2.4138			
															
		
~End
Plate:	EVSAT_3 FLUVA_NFV	1.3	PlateFormat	Endpoint	Absorbance	Raw	FALSE	1						1	570	1	11	96	2	6	None	
	Temperature(¡C)	1	2	3	4	5	6	7	8	9	10	11	12		
	28.10														
		0.0502	0.38	0.283	0.3248	0.2973	0.312	0.329	0.2624	0.2699	0.2715	0.1679			
		0.0452	2.0215	1.5386	1.6274	1.418	1.6627	1.3689	1.2895	1.1459	1.3776	0.9102			
		0.0459	2.3529	2.0917	2.1217	2.1647	2.302	2.1883	2.1108	1.9157	2.322	1.6316			
		0.0467	2.4752	2.5086	2.4756	2.5325	2.4969	2.5019	2.4736	2.5281	2.4721	1.8569			
		0.0458	2.4517	2.4507	2.5375	2.5145	2.4918	2.5091	2.433	2.1312	2.2651	1.8543			
		0.0474	2.4415	2.4861	2.4962	2.4527	2.3973	2.4619	2.4655	2.2141	2.2819	2.1533			
															
		
~End
Plate:	HCC1395_1 FLUVA_NFV	1.3	PlateFormat	Endpoint	Absorbance	Raw	FALSE	1						1	570	1	11	96	2	6	None	
	Temperature(¡C)	1	2	3	4	5	6	7	8	9	10	11	12		
	28.10														
		0.0456	2.4069	2.4159	2.3863	1.6935	0.2708	0.1622	0.1504	0.1336	0.1355	0.1135			
		0.0476	2.447	2.4803	2.5153	1.9644	0.4463	0.1926	0.1854	0.1711	0.1494	0.1379			
		0.0486	2.5299	2.5479	2.5499	2.5196	2.1448	0.4109	0.2224	0.1912	0.1919	0.1615			
		0.0519	2.5279	2.5634	2.5336	2.5156	2.2271	0.3215	0.2556	0.1865	0.2217	0.2108			
		0.0491	2.5385	2.5538	2.5647	2.5543	2.4566	0.6887	0.2513	0.2254	0.1894	0.1543			
		0.0553	2.5449	2.5335	2.5599	2.5312	2.5299	0.2955	0.1945	0.1515	0.1515	0.1417			
															
		
~End
Plate:	HCC1395_2 FLUVA_NFV	1.3	PlateFormat	Endpoint	Absorbance	Raw	FALSE	1						1	570	1	11	96	2	6	None	
	Temperature(¡C)	1	2	3	4	5	6	7	8	9	10	11	12		
	28.10														
		0.0481	2.48	2.492	2.4677	2.0814	0.3993	0.2076	0.185	0.1836	0.1585	0.1534			
		0.0462	2.5334	2.5552	2.5086	2.3676	0.5839	0.2832	0.2565	0.2221	0.215	0.2329			
		0.046	2.5594	2.5689	2.5606	2.5304	2.3025	0.5	0.3002	0.2721	0.2463	0.2225			
		0.0462	2.5509	2.5843	2.5585	2.5134	2.4389	0.6173	0.3401	0.2877	0.3069	0.2106			
		0.0472	2.5208	2.5508	2.5156	2.5359	2.4701	0.8053	0.3057	0.2525	0.2482	0.2192			
		0.0464	2.5588	2.5486	2.5643	2.5455	2.3553	0.3736	0.23	0.2481	0.2126	0.184			
															
		
~End
Plate:	HCC1395_3 FLUVA_NFV	1.3	PlateFormat	Endpoint	Absorbance	Raw	FALSE	1						1	570	1	11	96	2	6	None	
	Temperature(¡C)	1	2	3	4	5	6	7	8	9	10	11	12		
	28.10														
		0.0474	2.4641	2.4677	2.4535	1.8671	0.3148	0.1786	0.1507	0.1476	0.1498	0.1253			
		0.05	2.485	2.5084	2.5181	1.9409	1.5243	0.228	0.2232	0.1847	0.1987	0.1603			
		0.0457	2.5579	2.5687	2.5678	2.53	2.0535	0.3466	0.2277	0.2054	0.2019	0.1868			
		0.0462	2.5528	2.5883	2.5638	2.5451	2.3904	0.4835	0.2317	0.2262	0.2404	0.1786			
		0.0472	2.5259	2.5482	2.5097	2.5287	2.4369	0.73	0.2894	0.2295	0.204	0.1839			
		0.0442	2.5454	2.5539	2.5644	2.534	2.3859	0.3188	0.2216	0.2622	0.2253	0.1499			
															
		
~End
Plate:	JIMT1_1 FLUVA_NFV	1.3	PlateFormat	Endpoint	Absorbance	Raw	FALSE	1						1	570	1	11	96	2	6	None	
	Temperature(¡C)	1	2	3	4	5	6	7	8	9	10	11	12		
	28.10														
		0.0445	0.2505	0.2603	0.2775	0.3081	0.2397	0.1515	0.1234	0.1232	0.1241	0.1044			
		0.0463	0.8272	0.827	0.7769	0.7351	0.8023	0.6102	0.3003	0.1529	0.1332	0.1191			
		0.0449	0.9972	0.947	1.0781	1.0286	1.057	1.0593	0.7092	0.3138	0.164	0.1314			
		0.0463	1.1719	1.1551	1.2449	1.2038	1.084	1.0605	0.9692	0.552	0.2363	0.1409			
		0.0448	1.1891	1.3177	1.1657	1.0581	1.0362	1.0863	0.9962	0.6292	0.3832	0.171			
		0.0918	1.1846	1.1636	1.1643	1.1993	1.0212	1.1023	1.1043	0.7784	0.4726	0.2191			
															
		
~End
Plate:	JIMT1_2 FLUVA_NFV	1.3	PlateFormat	Endpoint	Absorbance	Raw	FALSE	1						1	570	1	11	96	2	6	None	
	Temperature(¡C)	1	2	3	4	5	6	7	8	9	10	11	12		
	28.10														
		0.0444	0.3579	0.331	0.3528	0.3085	0.2536	0.1852	0.1277	0.1229	0.1379	0.1389			
		0.045	0.8791	0.8266	0.8582	0.8789	0.8628	0.7182	0.2889	0.3059	0.1358	0.1363			
		0.0453	1.1585	1.2826	1.3498	1.3352	1.2859	1.2643	1.071	0.6359	0.3545	0.1649			
		0.0455	1.3437	1.417	1.3934	1.3448	1.3385	1.3363	1.2767	0.7117	0.4785	0.1587			
		0.0463	1.385	1.41	1.4561	1.3343	1.4037	1.4495	1.1446	1.0175	0.4691	0.2518			
		0.0453	1.2406	1.3048	1.3127	1.4144	1.2955	1.2768	1.1811	0.8386	0.5158	0.2792			
															
		
~End
Plate:	JIMT1_3 FLUVA_NFV	1.3	PlateFormat	Endpoint	Absorbance	Raw	FALSE	1						1	570	1	11	96	2	6	None	
	Temperature(¡C)	1	2	3	4	5	6	7	8	9	10	11	12		
	28.10														
		0.0449	0.3001	0.3038	0.2976	0.2727	0.2175	0.1662	0.1257	0.1138	0.1063	0.1228			
		0.0492	0.8137	0.8185	0.8497	0.8211	0.7406	0.5485	0.2577	0.161	0.109	0.125			
		0.0456	1.1012	1.0857	1.1439	1.084	1.0267	0.9811	0.6613	0.3021	0.1577	0.1381			
		0.0463	1.2166	1.2351	1.2278	1.1759	1.1622	1.0686	0.9102	0.5351	0.2383	0.1464			
		0.0467	1.2694	1.2981	1.2444	1.2754	1.2121	1.1434	0.9085	0.7181	0.3769	0.1954			
		0.0622	1.2254	1.2924	1.2441	1.219	1.1091	1.1254	1.0843	0.8642	0.4263	0.2194			
															
		
~End
Plate:	LY2_1 FLUVA_NFV	1.3	PlateFormat	Endpoint	Absorbance	Raw	FALSE	1						1	570	1	11	96	2	6	None	
	Temperature(¡C)	1	2	3	4	5	6	7	8	9	10	11	12		
	28.20														
		0.0462	0.7733	0.6191	0.5922	0.642	0.5732	0.6068	0.496	0.5076	0.4561	0.3111			
		0.0459	2.2763	2.1682	2.2226	2.3015	2.0427	2.2268	2.0825	1.7656	1.8289	1.4254			
		0.0475	2.4794	2.3991	2.4287	2.4597	2.3689	2.3864	2.4067	2.3943	2.3326	2.0704			
		0.0459	2.3732	2.0409	2.0691	2.1078	1.9475	2.2273	1.9838	1.9857	1.7065	1.4987			
		0.0451	2.4076	2.2803	2.2183	2.3342	2.2392	2.3155	2.1932	2.3404	2.1455	1.7222			
		0.0496	2.4104	2.3608	2.3695	2.3206	2.2782	2.3306	2.3252	2.2288	2.2185	1.8116			
															
		
~End
Plate:	LY2_2 FLUVA_NFV	1.3	PlateFormat	Endpoint	Absorbance	Raw	FALSE	1						1	570	1	11	96	2	6	None	
	Temperature(¡C)	1	2	3	4	5	6	7	8	9	10	11	12		
	28.20														
		0.0447	0.9267	0.9212	0.9949	0.9788	0.8923	0.9542	0.8021	0.7497	0.6078	0.4275			
		0.0457	2.4544	2.4366	2.4388	2.4311	2.3899	2.4507	2.3485	2.2801	2.0609	1.8058			
		0.0456	2.5026	2.4858	2.4941	2.4885	2.4837	2.4671	2.4523	2.4598	2.3989	2.3108			
		0.0468	2.4845	2.4929	2.5012	2.4897	2.4651	2.4657	2.468	2.4488	2.4461	2.3536			
		0.0455	2.5061	2.4763	2.516	2.5025	2.4942	2.4871	2.4687	2.4733	2.475	2.4022			
		0.0498	2.4806	2.4862	2.4731	2.4687	2.4971	2.4655	2.4366	2.4319	2.4521	2.3028			
															
		
~End
Plate:	LY3_3 FLUVA_NFV	1.3	PlateFormat	Endpoint	Absorbance	Raw	FALSE	1						1	570	1	11	96	2	6	None	
	Temperature(¡C)	1	2	3	4	5	6	7	8	9	10	11	12		
	28.20														
		0.0463	1.019	0.8738	1.0917	1.036	0.9776	0.91	0.7968	0.8781	0.6887	0.4318			
		0.0475	2.4511	2.4667	2.4371	2.4605	2.4551	2.3788	2.357	2.2651	1.9866	1.7314			
		0.0484	2.4964	2.509	2.5273	2.5133	2.5425	2.4953	2.488	2.5022	2.4121	2.3134			
		0.0466	2.5028	2.5194	2.5242	2.5069	2.5295	2.4877	2.5082	2.4967	2.469	2.3778			
		0.0465	2.4858	2.4936	2.4661	2.4844	2.4853	2.4756	2.504	2.485	2.4577	2.4277			
		0.0464	2.4921	2.4904	2.5163	2.4865	2.5149	2.4705	2.4715	2.4864	2.4995	2.363			
															
		
~End
Plate:	HCC1143_1 FLUVA_NFV	1.3	PlateFormat	Endpoint	Absorbance	Raw	FALSE	1						1	570	1	11	96	2	6	None	
	Temperature(¡C)	1	2	3	4	5	6	7	8	9	10	11	12		
	28.10														
		0.0456	0.2437	0.2368	0.2165	0.249	0.2751	0.3185	0.2693	0.1911	0.1591	0.1708			
		0.0454	0.9882	0.9762	0.9453	0.9895	1.0546	1.1641	1.1457	0.9581	0.5979	0.3449			
		0.0459	1.5751	1.4522	1.5189	1.4937	1.599	1.5906	1.5573	1.3835	0.9757	0.4656			
		0.0447	1.4562	1.4389	1.4331	1.3262	1.428	1.3379	1.3806	1.275	0.9815	0.6207			
		0.0463	1.5358	1.5973	1.6034	1.4534	1.6022	1.6525	1.4971	1.4454	1.1727	0.7677			
		0.0447	1.523	1.5066	1.4286	1.4572	1.4873	1.5163	1.585	1.4837	1.2702	0.8046			
															
		
~End
Plate:	HCC1143_2 FLUVA_NFV	1.3	PlateFormat	Endpoint	Absorbance	Raw	FALSE	1						1	570	1	11	96	2	6	None	
	Temperature(¡C)	1	2	3	4	5	6	7	8	9	10	11	12		
	28.20														
		0.0468	0.3089	0.3129	0.3318	0.3652	0.3679	0.4134	0.3116	0.2402	0.1983	0.2389			
		0.046	1.2205	1.3596	1.2529	1.2774	1.4645	1.4128	1.4718	1.1587	0.7105	0.4313			
		0.0449	1.875	1.8318	1.8363	1.8358	1.8077	1.869	1.7951	1.5767	1.1678	0.5925			
		0.0459	1.9692	1.8942	1.9352	1.9448	1.9586	1.9969	1.8873	1.6417	1.3263	0.7186			
		0.0447	1.9888	1.8981	2.0171	1.9654	2.0437	2.0056	1.9081	1.7431	1.4925	0.9721			
		0.0464	1.8415	1.947	1.9104	1.8844	1.8421	1.9066	1.8708	1.742	1.4754	1.0087			
															
		
~End
Plate:	HCC1143_3 FLUVA_NFV	1.3	PlateFormat	Endpoint	Absorbance	Raw	FALSE	1						1	570	1	11	96	2	6	None	
	Temperature(¡C)	1	2	3	4	5	6	7	8	9	10	11	12		
	28.10														
		0.0465	0.4223	0.4531	0.5554	0.5203	0.5513	0.6232	0.5572	0.4125	0.3259	0.3371			
		0.047	1.4266	1.3716	1.4183	1.3751	1.3837	1.4356	1.5715	1.2153	0.7944	0.5248			
		0.0458	1.9961	2.0802	1.9543	2.0078	2.0014	1.964	1.9351	1.7615	1.2727	0.6807			
		0.0558	2.0799	2.1351	2.065	2.1678	2.0594	2.0865	2.0285	2.0196	1.5355	0.8703			
		0.0464	2.2143	2.1441	2.1354	2.0968	2.0156	2.1121	2.0612	2.0412	1.6602	1.1623			
		0.047	2.07	2.1083	2.0833	2.0392	2.0295	2.0077	2.0106	1.9266	1.6611	1.2022			
															
		
~End
Plate:	MDA231_1 FLUVA_NFV	1.3	PlateFormat	Endpoint	Absorbance	Raw	FALSE	1						1	570	1	11	96	2	6	None	
	Temperature(¡C)	1	2	3	4	5	6	7	8	9	10	11	12		
	28.10														
		0.0456	2.4093	2.3963	2.3517	2.1837	1.5758	0.6764	0.2322	0.2009	0.1876	0.1775			
		0.0457	2.5052	2.505	2.4532	2.3848	2.0963	1.17	0.4475	0.2495	0.2122	0.2009			
		0.0452	2.4853	2.4938	2.4809	2.4727	2.3348	1.6424	0.8476	0.3827	0.2641	0.2233			
		0.046	2.4781	2.5058	2.4987	2.4838	2.3457	1.7979	0.8573	0.4489	0.2657	0.2371			
		0.0452	2.4879	2.5074	2.5088	2.4976	2.4324	2.0195	1.1196	0.5316	0.293	0.2538			
		0.0466	2.4864	2.4758	2.4808	2.4456	2.3095	1.8451	0.9942	0.5383	0.2981	0.2314			
															
		
~End
Plate:	MDA231_2 FLUVA_NFV	1.3	PlateFormat	Endpoint	Absorbance	Raw	FALSE	1						1	570	1	11	96	2	6	None	
	Temperature(¡C)	1	2	3	4	5	6	7	8	9	10	11	12		
	28.20														
		0.0468	2.4028	2.4067	2.3595	2.077	1.4669	0.5478	0.1725	0.202	0.1951	0.1761			
		0.0494	2.4838	2.4887	2.4566	2.4185	2.1435	1.2374	0.4183	0.231	0.2113	0.2056			
		0.0452	2.489	2.5008	2.479	2.4326	2.2659	1.5776	0.7123	0.3415	0.2538	0.233			
		0.0454	2.4864	2.52	2.4996	2.4628	2.3487	1.6846	0.8602	0.4535	0.255	0.2342			
		0.0468	2.4726	2.5004	2.4688	2.4776	2.3753	1.8645	0.9905	0.4852	0.3008	0.2288			
		0.0472	2.4862	2.4673	2.4839	2.4435	2.3443	1.6954	0.9542	0.4665	0.266	0.2212			
															
		
~End
Plate:	MDA231_3 FLUVA_NFV	1.3	PlateFormat	Endpoint	Absorbance	Raw	FALSE	1						1	570	1	11	96	2	6	None	
	Temperature(¡C)	1	2	3	4	5	6	7	8	9	10	11	12		
	28.10														
		0.0465	2.344	2.3541	2.1132	2.0742	1.4167	0.5119	0.2064	0.1866	0.1992	0.1855			
		0.0482	2.4921	2.4968	2.4613	2.3756	2.0444	1.2611	0.4411	0.2448	0.2165	0.2125			
		0.0462	2.4747	2.4858	2.4748	2.3939	2.191	1.5424	0.6798	0.3131	0.2325	0.2277			
		0.0459	2.4893	2.5172	2.4972	2.4374	2.3038	1.6384	0.8586	0.4157	0.2838	0.2218			
		0.0477	2.4713	2.5011	2.4624	2.448	2.3088	1.8221	1.0262	0.5087	0.257	0.2138			
		0.0469	2.4861	2.4661	2.4769	2.4363	2.2669	1.728	0.9678	0.5025	0.275	0.2142			
															
		
~End
Plate:	HCC1428_1 FLUVA_NFV	1.3	PlateFormat	Endpoint	Absorbance	Raw	FALSE	1						1	570	1	11	96	2	6	None	
	Temperature(¡C)	1	2	3	4	5	6	7	8	9	10	11	12		
	28.00														
		0.0482	0.5692	0.8419	0.9179	0.9358	0.9388	0.9627	0.7132	0.4694	0.3083	0.2263			
		0.0479	1.9218	2.1435	2.2158	2.227	2.2357	2.1538	1.8762	1.8189	1.3818	0.7939			
		0.0457	2.3743	2.4049	2.3966	2.406	2.3845	2.4007	2.299	2.1348	1.6194	0.941			
		0.0481	2.4175	2.4311	2.4456	2.453	2.4365	2.4311	2.4041	2.1326	1.7417	1.0633			
		0.0504	2.4433	2.4327	2.4743	2.4556	2.4371	2.4327	2.4041	2.3167	1.8655	1.1364			
		0.0455	2.4443	2.4139	2.4301	2.4207	2.427	2.4185	2.364	2.284	1.9755	1.363			
															
		
~End
Plate:	HCC1428_2 FLUVA_NFV	1.3	PlateFormat	Endpoint	Absorbance	Raw	FALSE	1						1	570	1	11	96	2	6	None	
	Temperature(¡C)	1	2	3	4	5	6	7	8	9	10	11	12		
	28.10														
		0.0474	0.6049	0.8401	0.9018	0.8934	0.9627	0.9845	0.7427	0.4212	0.2845	0.2002			
		0.0458	1.9661	2.2779	2.2644	2.2682	2.2159	2.0793	2.0648	1.9013	1.4542	0.7154			
		0.0453	2.4287	2.4458	2.4413	2.4126	2.4316	2.3939	2.3715	2.2049	1.6464	0.8346			
		0.0454	2.4522	2.4596	2.4579	2.4204	2.4701	2.42	2.4074	2.2569	1.4928	1.0237			
		0.0455	2.4488	2.4515	2.4338	2.4321	2.4454	2.4513	2.4249	2.3296	1.9662	1.1776			
		0.0446	2.4476	2.4628	2.4319	2.4319	2.4496	2.3531	2.3671	2.351	2.0556	1.2909			
															
		
~End
Plate:	HCC1428_3 FLUVA_NFV	1.3	PlateFormat	Endpoint	Absorbance	Raw	FALSE	1						1	570	1	11	96	2	6	None	
	Temperature(¡C)	1	2	3	4	5	6	7	8	9	10	11	12		
	28.00														
		0.0454	0.5108	0.6445	0.6553	0.6905	0.7469	0.753	0.572	0.4007	0.2898	0.1833			
		0.0453	1.8007	2.02	2.0893	2.0095	2.111	2.0041	1.8216	1.6582	1.3493	0.7255			
		0.0474	2.3615	2.3057	2.3549	2.2849	2.3351	2.2891	2.2006	1.9927	1.5694	0.9454			
		0.0473	2.2665	1.8646	2.1024	2.0883	2.1565	2.142	2.0844	1.9095	1.5021	0.8127			
		0.0489	2.3066	2.0739	2.2069	2.2697	2.3318	2.264	2.2149	2.0587	1.594	0.9168			
		0.0457	2.2444	2.1839	2.2549	2.1744	2.2993	2.265	2.2275	2.1161	1.6718	0.9761			
															
		
~End
Plate:	HCT116_1 FLUVA_NFV	1.3	PlateFormat	Endpoint	Absorbance	Raw	FALSE	1						1	570	1	11	96	2	6	None	
	Temperature(¡C)	1	2	3	4	5	6	7	8	9	10	11	12		
	28.10														
		0.0497	2.3625	2.4112	2.343	2.121	1.4592	0.6832	0.3593	0.2161	0.2059	0.1795			
		0.0465	2.5682	2.5403	2.5832	2.5497	2.531	2.2855	1.2231	0.4567	0.2643	0.2209			
		0.0473	2.5372	2.5417	2.5486	2.5544	2.5589	2.4909	1.9265	0.8579	0.4039	0.2681			
		0.0475	2.5354	2.5581	2.5296	2.557	2.5454	2.5184	2.3222	1.3062	0.5008	0.2685			
		0.0481	2.5527	2.542	2.5828	2.5352	2.5401	2.5176	2.4552	1.9536	0.7813	0.3186			
		0.0464	2.5296	2.5327	2.53	2.5235	2.56	2.5374	2.4586	2.0572	0.7619	0.3079			
															
		
~End
Plate:	HCT116_2 FLUVA_NFV	1.3	PlateFormat	Endpoint	Absorbance	Raw	FALSE	1						1	570	1	11	96	2	6	None	
	Temperature(¡C)	1	2	3	4	5	6	7	8	9	10	11	12		
	28.10														
		0.0454	2.4022	2.4142	2.3603	2.136	1.4375	0.7628	0.3412	0.2046	0.1835	0.2045			
		0.046	2.5933	2.5458	2.5966	2.574	2.52	2.2638	1.189	0.4193	0.2956	0.2051			
		0.0466	2.5486	2.5537	2.5588	2.5738	2.5318	2.5028	1.8551	1.0125	0.4166	0.2188			
		0.0487	2.5398	2.5719	2.5606	2.5789	2.5466	2.5222	2.3718	1.4435	0.5199	0.2942			
		0.0437	2.5616	2.5451	2.5336	2.5442	2.5411	2.5082	2.4656	1.9206	0.6738	0.2945			
		0.0474	2.5545	2.5675	2.539	2.5487	2.5434	2.5337	2.4635	1.9332	0.7653	0.2853			
															
		
~End
Plate:	HCT116_3 FLUVA_NFV	1.3	PlateFormat	Endpoint	Absorbance	Raw	FALSE	1						1	570	1	11	96	2	6	None	
	Temperature(¡C)	1	2	3	4	5	6	7	8	9	10	11	12		
	28.10														
		0.049	2.4305	2.446	2.4139	2.1605	1.5503	0.7207	0.3019	0.189	0.1613	0.1449			
		0.0501	2.5536	2.5638	2.5475	2.54	2.501	1.957	0.9186	0.4037	0.1906	0.1488			
		0.0463	2.5377	2.5529	2.544	2.5533	2.5412	2.4365	1.8781	0.8047	0.3084	0.1704			
		0.0459	2.5379	2.5559	2.5455	2.5435	2.538	2.5031	2.3329	1.2608	0.3417	0.2147			
		0.0505	2.5386	2.5523	2.5398	2.5347	2.5291	2.5155	2.3981	1.6824	0.5986	0.22			
		0.0451	2.5482	2.5335	2.516	2.5242	2.5346	2.5004	2.4392	1.8768	0.7068	0.212			
															
		
~End
Instrument type: Instrument serial number:
