##BLOCKS= 12         
Plate:	SUM149_1 FLUVA/NFV	1.3	PlateFormat	Endpoint	Absorbance	Raw	FALSE	1						1	570	1	11	96	2	6	None	
	Temperature(¡C)	1	2	3	4	5	6	7	8	9	10	11	12		
	25.60														
		0.0475	0.748	0.7872	0.6621	0.4752	0.3385	0.2356	0.1913	0.1905	0.1975	0.1823			
		0.0505	2.0585	1.713	1.865	1.5443	0.9314	0.6485	0.5189	0.2942	0.2283	0.2079			
		0.0494	1.9989	2.2757	2.3169	2.1715	2.2852	1.9501	1.4506	0.5225	0.294	0.2213			
		0.0474	2.0649	1.843	1.9802	2.2882	2.2375	1.7979	1.2319	1.0441	0.4336	0.2669			
		0.0498	2.1425	1.9732	2.4016	2.4198	2.336	2.2628	1.9991	1.2419	0.6995	0.3428			
		0.0491	2.0166	1.7929	2.2298	1.7803	2.2371	1.614	1.8184	1.2906	0.6008	0.3196			
															
		
~End
Plate:	SUM149_2 FLUVA/NFV	1.3	PlateFormat	Endpoint	Absorbance	Raw	FALSE	1						1	570	1	11	96	2	6	None	
	Temperature(¡C)	1	2	3	4	5	6	7	8	9	10	11	12		
	25.70														
		0.048	0.7498	0.6552	0.5539	0.4355	0.2669	0.2053	0.1631	0.1406	0.1509	0.1411			
		0.047	1.8724	1.6429	1.698	1.6856	1.0279	0.8423	0.4256	0.267	0.1531	0.1501			
		0.0482	1.9674	2.212	2.1969	2.139	1.4499	0.9461	0.7108	0.5322	0.2007	0.158			
		0.0502	2.1797	2.2574	2.0725	2.0185	2.0944	1.7836	0.8356	0.805	0.2907	0.1967			
		0.0476	2.0904	1.7448	1.9947	2.2729	1.9458	1.5496	1.8133	0.9438	0.4228	0.2322			
		0.0497	1.9376	2.2258	2.2833	1.8866	2.1043	1.5226	1.8757	0.9424	0.7057	0.3287			
															
		
~End
Plate:	SUM149_3 FLUVA/NFV	1.3	PlateFormat	Endpoint	Absorbance	Raw	FALSE	1						1	570	1	11	96	2	6	None	
	Temperature(¡C)	1	2	3	4	5	6	7	8	9	10	11	12		
	25.70														
		0.0462	0.6112	0.6353	0.4523	0.3149	0.2371	0.1656	0.1524	0.1269	0.1245	0.1259			
		0.0483	1.738	1.5036	1.6863	1.3769	0.9807	0.6253	0.4377	0.2895	0.1683	0.1349			
		0.0497	1.6436	2.205	1.6751	1.6644	1.5401	1.1543	1.155	0.607	0.2442	0.1414			
		0.0497	2.2059	1.5376	2.2705	2.2266	2.1408	1.9875	1.6397	1.038	0.1594	0.187			
		0.0472	2.1423	1.7098	2.0235	1.9963	2.1066	2.0638	1.7242	0.9582	0.5261	0.2272			
		0.0497	2.2948	2.2557	2.0061	2.2227	1.9708	1.9542	1.7827	1.1759	0.5514	0.3589			
															
		
~End
Plate:	HCC70_1 FLUVA/NFV	1.3	PlateFormat	Endpoint	Absorbance	Raw	FALSE	1						1	570	1	11	96	2	6	None	
	Temperature(¡C)	1	2	3	4	5	6	7	8	9	10	11	12		
	25.70														
		0.0453	1.4893	1.4233	1.2626	1.3531	1.0986	0.7801	0.5936	0.3376	0.1978	0.1584			
		0.0479	2.3146	2.3029	2.3193	2.2932	2.2138	1.9793	1.1046	0.7338	0.2005	0.1737			
		0.0455	2.3306	2.3285	2.3148	2.3062	2.2353	2.179	1.8236	1.0293	0.3605	0.1974			
		0.049	2.3815	2.3713	2.3656	2.35	2.2531	2.2454	1.9704	1.3876	0.5513	0.2238			
		0.0482	2.3978	2.3822	2.3591	2.3588	2.3352	2.2898	2.0275	1.4638	0.6813	0.2819			
		0.0472	2.4	2.3789	2.3826	2.3743	2.3758	2.2685	2.114	1.3086	0.6344	0.2971			
															
		
~End
Plate:	HCC70_2 FLUVA/NFV	1.3	PlateFormat	Endpoint	Absorbance	Raw	FALSE	1						1	570	1	11	96	2	6	None	
	Temperature(¡C)	1	2	3	4	5	6	7	8	9	10	11	12		
	25.70														
		0.046	1.4958	1.3632	1.1599	1.1677	1.0693	0.5802	0.5868	0.3158	0.1539	0.1395			
		0.0525	2.2845	2.281	2.2759	2.256	2.1951	2.1996	1.6484	0.9532	0.3386	0.1622			
		0.0463	2.2962	2.31	2.2768	2.3124	2.2194	2.1391	1.8083	1.0963	0.3427	0.1654			
		0.0473	2.3439	2.3507	2.3301	2.3335	2.3166	2.2538	1.8194	1.4921	0.7217	0.2515			
		0.0468	2.3591	2.3203	2.3641	2.3404	2.3181	2.3028	2.0385	1.5135	0.6681	0.2298			
		0.046	2.3778	2.3447	2.3333	2.348	2.3559	2.296	2.1027	1.6159	0.6957	0.2856			
															
		
~End
Plate:	HCC70_3 FLUVA/NFV	1.3	PlateFormat	Endpoint	Absorbance	Raw	FALSE	1						1	570	1	11	96	2	6	None	
	Temperature(¡C)	1	2	3	4	5	6	7	8	9	10	11	12		
	25.70														
		0.0455	1.5865	1.3572	1.4172	1.3235	1.201	0.6601	0.5549	0.2205	0.154	0.1447			
		0.0486	2.2577	2.2711	2.2348	2.1919	2.1752	1.8467	1.3303	0.5772	0.1904	0.1405			
		0.0471	2.3104	2.3263	2.3175	2.2785	2.2562	2.1711	1.7531	0.942	0.278	0.1574			
		0.0468	2.3427	2.371	2.352	2.3431	2.3071	2.2056	1.8508	1.1111	0.3862	0.1783			
		0.0467	2.343	2.3268	2.3551	2.3335	2.307	2.2571	2.0317	1.3402	0.5569	0.2152			
		0.0473	2.3867	2.3656	2.3575	2.3666	2.3426	2.3087	2.0906	1.5695	0.6985	0.207			
															
		
~End
Plate:	BT474_1 FLUVA/NFV	1.3	PlateFormat	Endpoint	Absorbance	Raw	FALSE	1						1	570	1	11	96	2	6	None	
	Temperature(¡C)	1	2	3	4	5	6	7	8	9	10	11	12		
	25.70														
		0.046	1.5964	1.7779	1.9472	1.6278	2.0411	1.9842	1.5026	1.2323	1.2345	0.9387			
		0.0473	2.2924	2.2988	2.3179	2.3224	2.2742	2.2554	2.1208	2.0239	1.9628	1.6538			
		0.0484	2.3031	2.345	2.3603	2.4183	2.4333	2.3717	2.3308	2.3072	2.1946	2.1432			
		0.0485	2.3489	2.3506	2.3879	2.4029	2.4311	2.436	2.3461	2.2564	2.2348	2.1714			
		0.047	2.3541	2.3894	2.3942	2.4182	2.4223	2.4286	2.3278	2.3072	2.2929	2.1872			
		0.0481	2.298	2.311	2.2693	2.2799	2.2667	2.296	2.2641	2.2273	2.2086	2.1805			
															
		
~End
Plate:	BT474_2 FLUVA/NFV	1.3	PlateFormat	Endpoint	Absorbance	Raw	FALSE	1						1	570	1	11	96	2	6	None	
	Temperature(¡C)	1	2	3	4	5	6	7	8	9	10	11	12		
	25.80														
		0.0481	1.2687	1.2945	1.3692	1.3667	1.4127	1.3143	1.2303	0.9221	0.7966	0.5128			
		0.0484	2.2349	2.2744	2.2536	2.2641	2.2963	2.2087	2.0783	2.1249	1.8822	1.6692			
		0.0463	2.2894	2.3197	2.3222	2.3189	2.2849	2.2707	2.2489	2.2396	2.196	2.1672			
		0.0467	2.3066	2.3507	2.3223	2.3214	2.2868	2.2533	2.2174	2.1896	2.1696	1.996			
		0.0479	2.3719	2.3513	2.3301	2.3326	2.3493	2.3131	2.2712	2.2868	2.2567	2.2082			
		0.047	2.2682	2.2232	2.2209	2.2	2.2015	2.2397	2.1795	2.1692	2.1673	2.1257			
															
		
~End
Plate:	BT474_3 FLUVA/NFV	1.3	PlateFormat	Endpoint	Absorbance	Raw	FALSE	1						1	570	1	11	96	2	6	None	
	Temperature(¡C)	1	2	3	4	5	6	7	8	9	10	11	12		
	25.80														
		0.0447	1.3159	1.2536	1.2356	1.2311	1.2217	1.2141	1.1326	0.9959	0.8054	0.4755			
		0.0482	2.2396	2.1945	2.1936	2.1839	2.1844	2.0817	2.0371	1.9639	1.7882	1.4088			
		0.046	2.2168	2.2971	2.2719	2.2658	2.2516	2.2126	2.2339	2.2459	2.127	2.1143			
		0.0459	2.1795	2.2886	2.3016	2.2417	2.2477	2.2692	2.2594	2.1684	2.1822	2.0421			
		0.0501	2.2622	2.3235	2.3348	2.2877	2.3312	2.2612	2.2781	2.2579	2.2243	2.1821			
		0.0461	2.1885	2.1913	2.2233	2.2407	2.2555	2.2252	2.1943	2.1957	2.1493	2.1326			
															
		
~End
Plate:	SUM159_1 FLUVA/NFV	1.3	PlateFormat	Endpoint	Absorbance	Raw	FALSE	1						1	570	1	11	96	2	6	None	
	Temperature(¡C)	1	2	3	4	5	6	7	8	9	10	11	12		
	25.80														
		0.0455	1.0591	0.9096	0.7389	0.5039	0.3395	0.2041	0.1385	0.131	0.1236	0.1431			
		0.0457	2.3429	2.3389	2.2959	1.8758	0.7202	0.3936	0.2292	0.1471	0.1339	0.1457			
		0.0459	2.317	2.3659	2.3328	2.1897	1.4833	0.6408	0.3848	0.1544	0.1424	0.147			
		0.0473	2.3371	2.3618	2.3601	2.2482	1.76	0.8483	0.4975	0.191	0.1488	0.1432			
		0.0471	2.2935	2.3156	2.3025	2.2516	1.869	1.0382	0.6237	0.2388	0.162	0.1555			
		0.0455	2.3038	2.3024	2.313	2.256	1.9218	1.3215	0.8052	0.3456	0.1581	0.1517			
															
		
~End
Plate:	SUM159_2 FLUVA/NFV	1.3	PlateFormat	Endpoint	Absorbance	Raw	FALSE	1						1	570	1	11	96	2	6	None	
	Temperature(¡C)	1	2	3	4	5	6	7	8	9	10	11	12		
	25.80														
		0.0494	1.1525	0.9875	0.7413	0.5156	0.3082	0.1991	0.1619	0.1479	0.1375	0.1455			
		0.0451	2.3768	2.3827	2.3457	1.9095	0.6698	0.4358	0.2343	0.1613	0.1509	0.1381			
		0.0488	2.3533	2.3771	2.3993	2.1682	1.2683	0.6162	0.4012	0.1589	0.1486	0.149			
		0.0475	2.3546	2.3727	2.3653	2.3062	1.6639	0.853	0.4904	0.2083	0.1512	0.1553			
		0.0471	2.3384	2.3658	2.3868	2.3369	1.9076	1.1354	0.6692	0.2748	0.1838	0.1608			
		0.0483	2.3154	2.3046	2.321	2.265	1.904	1.2662	0.788	0.4001	0.1738	0.1837			
															
		
~End
Plate:	SUM159_3 FLUVA/NFV	1.3	PlateFormat	Endpoint	Absorbance	Raw	FALSE	1						1	570	1	11	96	2	6	None	
	Temperature(¡C)	1	2	3	4	5	6	7	8	9	10	11	12		
	25.80														
		0.0477	1.2035	0.9933	0.7685	0.5124	0.308	0.18	0.1577	0.1465	0.1336	0.1399			
		0.0473	2.3683	2.344	2.2936	1.7901	0.71	0.4263	0.2576	0.1562	0.1487	0.1506			
		0.0469	2.3787	2.3481	2.3511	2.1417	1.2472	0.5661	0.3849	0.1734	0.1626	0.1569			
		0.0489	2.3532	2.3842	2.3687	2.2316	1.6955	0.8339	0.5331	0.2093	0.1663	0.1566			
		0.0474	2.319	2.3246	2.3323	2.2382	1.8525	1.0343	0.576	0.3073	0.1547	0.1564			
		0.048	2.3104	2.2779	2.3053	2.2555	1.9273	1.27	0.7674	0.3752	0.1714	0.1613			
															
		
~End
Instrument type: Instrument serial number:
