##BLOCKS= 16         
Note:~End
Plate:	HCC1937_Penn_1 NVF/FLUVA	1.3	PlateFormat	Endpoint	Absorbance	Raw	FALSE	1						1	570	1	11	96	2	6	None	
	Temperature(¡C)	1	2	3	4	5	6	7	8	9	10	11	12		
	25.70														
		0.0438	0.2262	0.2666	0.2749	0.2539	0.2415	0.2301	0.1739	0.1503	0.1311	0.1201			
		0.0445	0.4843	0.4535	0.6065	0.6833	0.6103	0.5504	0.5194	0.2765	0.1835	0.1179			
		0.0449	0.7401	0.8819	0.8902	0.9254	0.804	0.8537	0.7523	0.6011	0.3475	0.1613			
		0.0448	0.993	1.0328	1.0785	1.2321	1.1101	1.1606	1.1256	0.9951	0.6644	0.2417			
		0.0449	1.1873	1.1722	1.2427	1.2608	1.2645	1.2542	1.1958	1.1799	1.0655	0.4838			
		0.0454	1.3122	1.2862	1.2615	1.3651	1.4128	1.4175	1.289	1.3135	1.0747	0.6931			
															
		
~End
Plate:	HCC1937_Penn_2 NVF/FLUVA	1.3	PlateFormat	Endpoint	Absorbance	Raw	FALSE	1						1	570	1	11	96	2	6	None	
	Temperature(¡C)	1	2	3	4	5	6	7	8	9	10	11	12		
	25.70														
		0.044	0.297	0.3218	0.3228	0.3145	0.2995	0.2559	0.2312	0.2246	0.236	0.1575			
		0.045	0.6262	0.6015	0.6133	0.5794	0.5816	0.5453	0.4595	0.3782	0.1631	0.1607			
		0.0438	0.822	0.8815	0.8593	0.8233	0.8046	0.9002	0.7765	0.6593	0.5645	0.2156			
		0.0456	1.1711	1.186	1.1308	1.188	1.18	1.1578	1.0796	1.0471	0.8513	0.3249			
		0.0458	1.3214	1.3256	1.3585	1.3655	1.3132	1.3522	1.3451	1.3446	1.2574	0.5303			
		0.0451	1.4036	1.3673	1.3885	1.5052	1.4735	1.5507	1.3558	1.3806	1.2205	0.8267			
															
		
~End
Plate:	HCC1937_Penn_3 NVF/FLUVA	1.3	PlateFormat	Endpoint	Absorbance	Raw	FALSE	1						1	570	1	11	96	2	6	None	
	Temperature(¡C)	1	2	3	4	5	6	7	8	9	10	11	12		
	25.70														
		0.0439	0.3051	0.2715	0.3078	0.3232	0.2819	0.2555	0.2255	0.1385	0.1533	0.1107			
		0.0409	0.5239	0.5092	0.4962	0.5341	0.4804	0.4596	0.386	0.313	0.1635	0.1203			
		0.0456	0.8028	0.8468	0.7789	0.7767	0.7915	0.7549	0.6412	0.5264	0.377	0.1476			
		0.043	1.0372	1.119	1.0681	1.059	1.0145	0.9747	0.9094	0.8613	0.7149	0.2121			
		0.0453	1.1156	1.1828	1.2772	1.1761	1.1808	1.2628	1.2133	1.0988	1.0147	0.5097			
		0.0449	1.2843	1.3575	1.3096	1.3131	1.391	1.3646	1.2556	1.306	1.1236	0.6556			
															
		
~End
Plate:	HCC1937_Penn_4 NVF/FLUVA	1.3	PlateFormat	Endpoint	Absorbance	Raw	FALSE	1						1	570	1	11	96	2	6	None	
	Temperature(¡C)	1	2	3	4	5	6	7	8	9	10	11	12		
	25.90														
		0.0457	0.1446	0.1426	0.1492	0.1405	0.13	0.1466	0.1236	0.1111	0.097	0.0945			
		0.0485	0.3607	0.381	0.3651	0.3684	0.3359	0.2935	0.2597	0.2063	0.1263	0.081			
		0.0461	0.6505	0.6349	0.6264	0.6315	0.6227	0.5298	0.4659	0.3635	0.2402	0.0981			
		0.0474	0.8932	0.9136	0.9057	0.9685	0.8943	0.838	0.8108	0.7237	0.5432	0.1533			
		0.048	1.0985	1.2059	1.1278	1.1585	1.1649	1.1354	1.093	1.0255	0.9514	0.39			
		0.0455	1.2286	1.2665	1.2879	1.3166	1.2775	1.2543	1.2171	1.1815	1.0814	0.5879			
															
		
~End
Plate:	HCC1937_Penn_5 NVF/FLUVA	1.3	PlateFormat	Endpoint	Absorbance	Raw	FALSE	1						1	570	1	11	96	2	6	None	
	Temperature(¡C)	1	2	3	4	5	6	7	8	9	10	11	12		
	25.90														
		0.0468	0.1239	0.142	0.1383	0.1327	0.1377	0.1354	0.1084	0.1099	0.0931	0.0858			
		0.0456	0.3459	0.3958	0.3551	0.4184	0.3687	0.3196	0.2593	0.1765	0.1153	0.0786			
		0.0495	0.6301	0.6658	0.6786	0.6731	0.6534	0.5902	0.5301	0.4396	0.2513	0.0957			
		0.046	0.8679	0.9246	0.9587	0.8934	0.9812	0.8725	0.8496	0.7364	0.5216	0.128			
		0.0475	1.0644	1.0866	1.1083	1.088	1.0549	1.0436	0.9952	0.9793	0.8405	0.3602			
		0.0459	1.2183	1.277	1.2527	1.2851	1.2508	1.2692	1.246	1.1271	0.9392	0.5072			
															
		
~End
Plate:	HCC1937_Penn_6 NVF/FLUVA	1.3	PlateFormat	Endpoint	Absorbance	Raw	FALSE	1						1	570	1	11	96	2	6	None	
	Temperature(¡C)	1	2	3	4	5	6	7	8	9	10	11	12		
	25.90														
		0.0455	0.1225	0.117	0.209	0.1174	0.1145	0.1127	0.1014	0.0928	0.0804	0.0772			
		0.0447	0.2794	0.2933	0.2746	0.2685	0.2522	0.2352	0.212	0.1505	0.0924	0.0761			
		0.0482	0.4702	0.4886	0.4588	0.3998	0.4163	0.3858	0.3374	0.2843	0.1959	0.0808			
		0.0483	0.7043	0.7347	0.7043	0.6962	0.6972	0.643	0.6167	0.5382	0.3834	0.1261			
		0.0454	0.8988	0.9446	0.9608	0.8703	0.9114	0.8594	0.8615	0.8073	0.6777	0.3206			
		0.0454	0.8725	1.0013	1.018	0.9701	0.9986	0.9826	1.002	0.9243	0.7555	0.4265			
															
		
~End
Instrument type: Instrument serial number:
