##BLOCKS= 27         
Plate:	SW527_1 NFV/FLUVA	1.3	PlateFormat	Endpoint	Absorbance	Raw	FALSE	1						1	570	1	11	96	2	6	None	
	Temperature(¡C)	1	2	3	4	5	6	7	8	9	10	11	12		
	27.50														
		0.0454	0.748	0.8496	0.7332	0.6818	0.5063	0.4582	0.2016	0.1824	0.2006	0.2157			
		0.0469	2.2359	2.2914	2.3365	2.2527	2.2462	1.9234	0.9811	0.2303	0.2083	0.1898			
		0.0462	2.3405	2.3118	2.2985	2.3166	2.3549	2.1536	1.2298	0.7173	0.1989	0.2018			
		0.046	2.3707	2.333	2.3015	2.3322	2.3266	2.1398	1.4634	0.661	0.1945	0.1953			
		0.0468	2.3823	2.3416	2.3831	2.3245	2.3042	2.2725	1.3682	0.6065	0.2178	0.1868			
		0.0476	2.3202	2.3479	2.3043	2.3076	2.2393	2.3138	1.3721	0.5207	0.2079	0.1852			
															
		
~End
Plate:	SW527_2 NFV/FLUVA	1.3	PlateFormat	Endpoint	Absorbance	Raw	FALSE	1						1	570	1	11	96	2	6	None	
	Temperature(¡C)	1	2	3	4	5	6	7	8	9	10	11	12		
	27.50														
		0.0469	0.8388	0.813	0.6984	0.6942	0.5676	0.4099	0.195	0.1817	0.1889	0.1969			
		0.0455	2.3713	2.3429	2.365	2.3489	2.2861	2.0276	0.9251	0.2966	0.189	0.1712			
		0.0455	2.3679	2.3482	2.3547	2.3311	2.3058	2.1929	1.4864	0.4946	0.1878	0.1882			
		0.0466	2.3744	2.3531	2.354	2.3432	2.3505	2.2514	1.186	0.4094	0.1878	0.2093			
		0.0462	2.3547	2.3604	2.4155	2.3617	2.366	2.2867	1.27	0.7372	0.2029	0.1975			
		0.0453	2.3568	2.3453	2.3323	2.3612	2.3695	2.3136	1.4753	0.6928	0.2054	0.2078			
															
		
~End
Plate:	SW527_3 NFV/FLUVA	1.3	PlateFormat	Endpoint	Absorbance	Raw	FALSE	1						1	570	1	11	96	2	6	None	
	Temperature(¡C)	1	2	3	4	5	6	7	8	9	10	11	12		
	27.50														
		0.0645	0.9064	0.7267	0.7161	0.7565	0.6117	0.5688	0.2113	0.1528	0.1553	0.1672			
		0.0459	2.3889	2.3364	2.3848	2.3717	2.2707	1.732	0.9222	0.35	0.1562	0.1585			
		0.0459	2.3711	2.3869	2.3608	2.3481	2.3386	2.1948	0.9803	0.4852	0.207	0.1512			
		0.0454	2.3789	2.3614	2.3574	2.3469	2.3439	2.2337	1.2858	0.4964	0.1655	0.1538			
		0.0464	2.3892	2.374	2.3861	2.351	2.3703	2.034	1.3705	0.5309	0.1624	0.1461			
		0.0448	2.3845	2.3415	2.3398	2.3546	2.3426	2.3248	1.2775	0.6937	0.1663	0.1464			
															
		
~End
Plate:	HCC1954_1 NFV/FLUVA	1.3	PlateFormat	Endpoint	Absorbance	Raw	FALSE	1						1	570	1	11	96	2	6	None	
	Temperature(¡C)	1	2	3	4	5	6	7	8	9	10	11	12		
	27.50														
															
		0.0462	1.2506	1.6536	1.1844	1.216	1.248	1.7381	0.9109	0.4525	0.2471	0.2053			
		0.0457	2.1941	2.1141	2.1014	2.1868	2.1472	2.1131	1.6373	0.7389	0.3846	0.2866			
		0.0453	2.0862	2.037	2.1204	2.0829	2.0246	2.0206	1.3767	0.7215	0.5033	0.2338			
		0.0464	2.2684	2.2368	2.1452	2.1914	2.2347	2.2216	2.1033	1.2618	0.7632	0.3377			
		0.046	2.014	2.1422	2.0453	2.0715	2.0815	2.0408	2.1224	1.0594	0.7062	0.304			
															
		
~End
Plate:	HCC1954_2 NFV/FLUVA	1.3	PlateFormat	Endpoint	Absorbance	Raw	FALSE	1						1	570	1	11	96	2	6	None	
	Temperature(¡C)	1	2	3	4	5	6	7	8	9	10	11	12		
	27.50														
															
		0.046	0.7871	0.7767	0.8843	0.8844	0.6876	0.7129	0.5314	0.2863	0.1882	0.1945			
		0.0548	2.1847	2.1199	2.1197	2.0775	2.1165	2.0916	1.6065	0.8076	0.319	0.2406			
		0.0468	2.079	2.0358	2.0137	2.0335	1.9627	1.9049	1.1426	0.5946	0.3748	0.2163			
		0.0459	2.2646	2.2059	2.0707	2.1681	2.1626	2.1509	2.0494	1.3613	0.6364	0.2548			
		0.0469	2.0349	2.0427	1.9946	2.0034	2.0945	1.9846	1.7946	0.9458	0.4789	0.2943			
															
		
~End
Plate:	HCC1954_3 NFV/FLUVA	1.3	PlateFormat	Endpoint	Absorbance	Raw	FALSE	1						1	570	1	11	96	2	6	None	
	Temperature(¡C)	1	2	3	4	5	6	7	8	9	10	11	12		
	27.50														
															
		0.0454	1.0676	1.1262	1.0803	1.2958	1.15	0.9211	0.9863	0.3739	0.23	0.1952			
		0.0456	2.0405	2.0796	2.057	2.0955	2.1739	2.0326	1.5946	0.8764	0.3447	0.2195			
		0.0498	2.059	1.8925	2.0892	2.0425	2.0152	1.9414	1.4135	0.6854	0.3685	0.2248			
		0.0476	2.2186	2.1929	2.138	2.1831	2.2014	2.1438	1.9597	1.3977	0.6198	0.3474			
		0.0469	2.0683	2.0255	2.0435	2.0353	2.0581	2.0697	1.7623	0.8928	0.6279	0.3457			
															
		
~End
Plate:	HCC38_1 NFV/FLUVA	1.3	PlateFormat	Endpoint	Absorbance	Raw	FALSE	1						1	570	1	11	96	2	6	None	
	Temperature(¡C)	1	2	3	4	5	6	7	8	9	10	11	12		
	27.50														
		0.0532	1.0122	0.9958	1.0875	1.1311	1.0921	0.7984	0.4567	0.2152	0.1735	0.1599			
		0.0474	1.5858	1.6538	1.8485	1.8164	1.8223	1.6669	1.1221	0.547	0.2474	0.1932			
		0.0459	1.6689	1.8161	1.8552	1.8059	1.8535	1.6878	1.2222	0.6798	0.3564	0.2089			
		0.0494	1.9226	1.9269	1.9635	1.9685	1.9082	1.7525	1.3769	0.8331	0.4281	0.2311			
		0.0471	1.9607	1.9943	2.0137	1.9697	1.9321	1.8337	1.4889	0.9793	0.5386	0.273			
		0.0468	1.8874	1.8591	1.9009	1.9311	1.8791	1.8613	1.4632	1.0794	0.5816	0.3308			
															
		
~End
Plate:	HCC38_2 NFV/FLUVA	1.3	PlateFormat	Endpoint	Absorbance	Raw	FALSE	1						1	570	1	11	96	2	6	None	
	Temperature(¡C)	1	2	3	4	5	6	7	8	9	10	11	12		
	27.50														
		0.0479	1.2025	1.1485	1.1437	1.1153	1.1392	0.7948	0.414	0.1972	0.1711	0.1428			
		0.0469	1.6314	1.6852	1.7514	1.754	1.7269	1.4283	0.9197	0.4925	0.2423	0.1719			
		0.0469	1.8195	1.81	1.8982	1.9534	1.9107	1.9121	1.41	0.8887	0.3698	0.2078			
		0.0478	1.8986	1.8457	1.9136	1.9793	1.9564	1.8622	1.4491	0.8503	0.3707	0.2283			
		0.0456	1.8882	1.9822	1.9531	1.9657	1.951	1.878	1.581	0.915	0.496	0.2506			
		0.0461	1.9533	1.9691	1.921	1.9734	2.0104	1.8552	1.5141	1.0397	0.5837	0.3214			
															
		
~End
Plate:	HCC38_3 NFV/FLUVA	1.3	PlateFormat	Endpoint	Absorbance	Raw	FALSE	1						1	570	1	11	96	2	6	None	
	Temperature(¡C)	1	2	3	4	5	6	7	8	9	10	11	12		
	27.60														
		0.0491	1.5024	1.4516	1.4008	1.4342	1.4054	1.0554	0.5465	0.2358	0.1604	0.188			
		0.048	1.8901	1.9412	1.9612	1.9945	1.998	1.7381	1.0334	0.64	0.232	0.1852			
		0.0453	1.9472	1.9354	2.0188	1.9122	1.9225	1.805	1.2388	0.7222	0.3734	0.2922			
		0.0453	2.039	1.9873	1.9964	1.938	1.884	1.7502	1.4652	0.8309	0.4808	0.2521			
		0.0474	2.0104	2.0276	1.9578	1.9403	1.9872	1.8652	1.5387	0.9773	0.5329	0.2968			
		0.0472	2.0076	1.9143	1.9869	2.0198	1.9869	1.865	1.6482	1.065	0.6341	0.2946			
															
		
~End
Plate:	MDA175VII_1 NFV/FLUVA	1.3	PlateFormat	Endpoint	Absorbance	Raw	FALSE	1						1	570	1	11	96	2	6	None	
	Temperature(¡C)	1	2	3	4	5	6	7	8	9	10	11	12		
	27.50														
		0.0476	1.6534	1.6429	1.6696	1.6156	1.5671	1.5779	1.4503	1.5041	1.4242	1.2811			
		0.0474	1.9955	1.9693	2.0144	1.9864	1.9376	1.8685	1.8248	1.7633	1.6735	1.6564			
		0.0459	2.1063	2.1023	2.0708	2.0723	2.0284	2.0178	1.991	1.9583	1.8215	1.8123			
		0.0467	2.1004	2.1324	2.1051	2.0881	2.052	1.9998	2.0063	1.9395	1.872	1.7828			
		0.0482	2.0882	2.0929	2.0643	2.0637	2.0959	1.9978	2.0288	1.9515	1.9111	1.7652			
		0.0456	2.082	2.0927	2.062	2.0865	2.0816	1.9369	1.8894	1.9835	1.9219	1.7469			
															
		
~End
Plate:	MDA175VII_2 NFV/FLUVA	1.3	PlateFormat	Endpoint	Absorbance	Raw	FALSE	1						1	570	1	11	96	2	6	None	
	Temperature(¡C)	1	2	3	4	5	6	7	8	9	10	11	12		
	27.60														
		0.0466	1.8264	1.738	1.7445	1.7388	1.6739	1.521	1.4952	1.5198	1.4147	1.235			
		0.0478	2.193	2.1016	2.0998	2.1292	2.0131	1.9525	2.0159	1.9463	1.8425	1.7195			
		0.0475	2.1738	2.0955	2.0971	2.1598	2.1702	2.156	2.0862	2.0178	1.9782	1.8875			
		0.0467	2.1834	2.1865	2.1844	2.1983	2.213	2.1754	2.1378	2.0848	1.9051	1.8766			
		0.0459	2.1907	2.1355	2.1478	2.1372	2.159	2.1129	2.087	2.0394	1.9282	1.8948			
		0.0477	2.1953	2.1771	2.1597	2.1489	2.1593	2.1676	2.0202	2.024	1.9829	1.9495			
															
		
~End
Plate:	MDA175VII_3 NFV/FLUVA	1.3	PlateFormat	Endpoint	Absorbance	Raw	FALSE	1						1	570	1	11	96	2	6	None	
	Temperature(¡C)	1	2	3	4	5	6	7	8	9	10	11	12		
	27.60														
		0.0505	1.6673	1.6495	1.6431	1.6448	1.6224	1.5595	1.4959	1.4871	1.3926	1.2304			
		0.0479	2.1102	2.0469	2.0828	2.1003	2.0143	1.991	1.9381	1.8322	1.8867	1.7847			
		0.0484	2.1031	2.0535	2.1016	2.0772	2.0327	2.0383	2.0344	1.953	1.8931	1.8171			
		0.0469	2.119	2.0798	2.1	2.0975	2.0553	2.0327	1.9968	1.9769	1.9252	1.7992			
		0.0468	2.1758	2.1506	2.1547	2.1194	2.1364	2.0795	2.0371	2.0364	1.9139	1.888			
		0.0464	2.1486	2.1031	2.1173	2.0473	2.0385	2.0074	1.9204	1.8969	1.9322	1.8209			
															
		
~End
Plate:	SUM149_1 NFV/FLUVA	1.3	PlateFormat	Endpoint	Absorbance	Raw	FALSE	1						1	570	1	11	96	2	6	None	
	Temperature(¡C)	1	2	3	4	5	6	7	8	9	10	11	12		
	27.60														
		0.0465	0.4858	0.4976	0.4632	0.4132	0.2862	0.2161	0.1883	0.1775	0.164	0.1857			
		0.0476	2.0253	1.5928	1.7912	1.3155	1.3854	0.7817	0.4723	0.3413	0.2255	0.184			
		0.0455	2.0066	1.8431	1.8387	2.0725	1.901	1.2064	0.8632	0.5875	0.3246	0.2314			
		0.0514	1.9757	1.8726	2.155	1.9115	1.8267	1.8081	1.256	0.8007	0.3739	0.249			
		0.0456	2.094	2.1182	2.1466	1.9937	1.9843	1.4282	1.4702	0.9988	0.5274	0.2942			
		0.0453	1.8764	2.127	1.5176	2.0841	2.0825	1.8266	1.2599	1.1092	0.5454	0.3575			
															
		
~End
Plate:	SUM149_2 NFV/FLUVA	1.3	PlateFormat	Endpoint	Absorbance	Raw	FALSE	1						1	570	1	11	96	2	6	None	
	Temperature(¡C)	1	2	3	4	5	6	7	8	9	10	11	12		
	27.60														
		0.0514	0.3755	0.389	0.3563	0.273	0.2073	0.1682	0.1374	0.1358	0.1289	0.1465			
		0.0472	1.6899	1.2894	1.4731	1.1485	1.1342	0.6252	0.4687	0.2106	0.1848	0.1323			
		0.0484	1.3827	1.6545	1.9513	1.3834	1.791	0.9134	0.6527	0.5059	0.2308	0.1614			
		0.0516	1.6601	2.0307	1.9535	2.0462	1.6479	1.4474	0.8001	0.5486	0.2334	0.1884			
		0.0529	1.957	2.0787	2.0807	2.0401	2.0252	1.4504	1.2184	0.8585	0.4152	0.2354			
		0.0486	1.4467	1.3943	1.9533	1.4743	1.9574	1.3221	1.2629	0.8659	0.4328	0.243			
															
		
~End
Plate:	SUM149_3 NFV/FLUVA	1.3	PlateFormat	Endpoint	Absorbance	Raw	FALSE	1						1	570	1	11	96	2	6	None	
	Temperature(¡C)	1	2	3	4	5	6	7	8	9	10	11	12		
	27.60														
		0.0469	0.4485	0.4136	0.3776	0.3418	0.2471	0.1928	0.1641	0.1553	0.1581	0.1871			
		0.0522	1.8554	1.4985	1.532	1.2793	1.1697	0.5998	0.4439	0.2773	0.2052	0.1902			
		0.0488	1.453	1.7293	2.0388	1.5025	1.8269	1.0169	0.6584	0.5328	0.2846	0.1906			
		0.0472	1.6263	2.0697	2.0214	2.102	1.7564	1.7248	0.8521	0.6237	0.3026	0.2167			
		0.0498	2.0926	2.1136	2.1408	2.0819	2.0688	1.4161	1.2239	0.8335	0.4248	0.263			
		0.0534	1.5183	1.6225	1.9871	1.5336	1.9956	1.3648	1.4672	0.964	0.491	0.3168			
															
		
~End
Plate:	HDQP1_1 NFV/FLUVA	1.3	PlateFormat	Endpoint	Absorbance	Raw	FALSE	1						1	570	1	11	96	2	6	None	
	Temperature(¡C)	1	2	3	4	5	6	7	8	9	10	11	12		
	27.60														
		0.0612	2.0237	2.1296	2.1196	2.1195	1.9688	1.656	0.9626	0.6651	0.5004	0.4892			
		0.0494	2.3023	2.2399	2.2948	2.2496	2.2436	2.1843	1.8591	1.6926	0.8768	0.5467			
		0.0494	2.2791	2.247	2.263	2.2638	2.2681	2.2576	2.177	1.8711	1.3069	0.9496			
		0.0484	2.258	2.2435	2.2928	2.2692	2.2681	2.238	1.8912	1.4062	0.815	0.5995			
		0.0621	2.2618	2.2245	2.2873	2.267	2.2956	2.2749	2.2438	2.0072	1.3979	1.0536			
		0.0515	2.2527	2.26	2.2625	2.2482	2.2614	2.2755	2.1269	1.6392	0.9438	0.7112			
															
		
~End
Plate:	HDQP1_2 NFV/FLUVA	1.3	PlateFormat	Endpoint	Absorbance	Raw	FALSE	1						1	570	1	11	96	2	6	None	
	Temperature(¡C)	1	2	3	4	5	6	7	8	9	10	11	12		
	27.60														
		0.0512	1.9678	2.0557	2.0771	2.0327	1.9132	1.503	0.837	0.558	0.4904	0.4479			
		0.0505	2.3081	2.2635	2.3116	2.2551	2.2753	2.1221	1.7272	1.5439	0.727	0.4544			
		0.0509	2.2497	2.2596	2.2705	2.2566	2.2601	2.2491	2.1795	1.8288	1.2037	0.9257			
		0.0491	2.2359	2.257	2.2401	2.2498	2.2216	2.1833	1.9028	1.3146	0.9422	0.6538			
		0.0512	2.2872	2.2425	2.2759	2.2349	2.2906	2.2373	2.2355	1.9218	1.4169	1.0417			
		0.0501	2.2592	2.2224	2.2607	2.2512	2.2788	2.2232	2.0966	1.5422	0.9612	0.6698			
															
		
~End
Plate:	HDQP1_3 NFV/FLUVA	1.3	PlateFormat	Endpoint	Absorbance	Raw	FALSE	1						1	570	1	11	96	2	6	None	
	Temperature(¡C)	1	2	3	4	5	6	7	8	9	10	11	12		
	27.60														
		0.0558	1.9555	2.0605	2.0834	2.0367	1.8793	1.4869	0.7639	0.5061	0.4028	0.3577			
		0.0482	2.3143	2.2633	2.2908	2.2657	2.2905	2.251	1.7669	1.4989	0.7017	0.515			
		0.0515	2.1951	2.2551	2.29	2.2798	2.2789	2.2625	2.1613	1.6395	1.1742	0.8547			
		0.0568	2.2489	2.293	2.2596	2.2658	2.2257	2.2076	1.9552	1.4081	0.8534	0.5572			
		0.0543	2.2798	2.2618	2.2587	2.2397	2.2738	2.2468	2.2181	1.9954	1.3037	0.9264			
		0.0543	2.2516	2.2384	2.2737	2.2508	2.2766	2.2166	2.1039	1.5766	0.9703	0.6561			
															
		
~End
Plate:	BT474_1 NFV/FLUVA	1.3	PlateFormat	Endpoint	Absorbance	Raw	FALSE	1						1	570	1	11	96	2	6	None	
	Temperature(¡C)	1	2	3	4	5	6	7	8	9	10	11	12		
	27.60														
		0.0475	1.419	1.4991	1.4563	1.469	1.43	1.3607	1.1877	0.9444	0.5983	0.2782			
		0.0494	2.2502	2.2084	2.1719	2.1559	2.1436	2.1258	2.0528	1.97	1.5671	0.9393			
		0.051	2.2241	2.1744	2.1982	2.1919	2.1987	2.1828	2.1747	2.161	2.0827	1.9785			
		0.0462	2.2133	2.2252	2.2398	2.1903	2.2144	2.1859	2.2052	2.2161	2.2006	2.0946			
		0.0499	2.258	2.2619	2.2651	2.1918	2.2149	2.1734	2.2068	2.2409	2.19	2.1673			
		0.0482	2.2246	2.2397	2.2283	2.1857	2.2282	2.237	2.2007	2.2133	2.2211	2.2157			
															
		
~End
Plate:	BT474_2 NFV/FLUVA	1.3	PlateFormat	Endpoint	Absorbance	Raw	FALSE	1						1	570	1	11	96	2	6	None	
	Temperature(¡C)	1	2	3	4	5	6	7	8	9	10	11	12		
	27.60														
		0.044	1.6016	1.652	1.5936	1.6111	1.4638	1.4039	1.2123	0.9292	0.5327	0.2798			
		0.0442	2.2564	2.2265	2.2311	2.2189	2.1912	2.1633	2.061	1.9399	1.5354	0.8835			
		0.0441	2.2954	2.2665	2.2952	2.2998	2.2988	2.2607	2.2647	2.2689	2.2341	2.0825			
		0.0447	2.2909	2.289	2.262	2.2762	2.2694	2.2673	2.2628	2.2577	2.2429	2.0584			
		0.0449	2.272	2.2627	2.2859	2.2739	2.2663	2.2476	2.2634	2.2492	2.1903	2.1665			
		0.045	2.2811	2.2651	2.2697	2.2704	2.2918	2.3054	2.2505	2.256	2.2725	2.223			
															
		
~End
Plate:	BT474_3 NFV/FLUVA	1.3	PlateFormat	Endpoint	Absorbance	Raw	FALSE	1						1	570	1	11	96	2	6	None	
	Temperature(¡C)	1	2	3	4	5	6	7	8	9	10	11	12		
	27.60														
		0.0476	1.3563	1.5945	1.4575	1.6009	1.4515	1.4099	1.1513	0.9046	0.5727	0.2779			
		0.0494	2.2597	2.1859	2.1852	2.1943	2.2307	2.1798	2.1115	2.0076	1.7134	1.0386			
		0.0473	2.2383	2.2539	2.2568	2.2405	2.2469	2.2084	2.2268	2.1888	2.1275	2.0972			
		0.0542	2.2406	2.2345	2.2254	2.2285	2.2355	2.2335	2.2304	2.2399	2.1958	2.1451			
		0.0512	2.274	2.2462	2.248	2.2105	2.2584	2.2149	2.2139	2.2631	2.2089	2.2067			
		0.0474	2.239	2.2289	2.2389	2.235	2.267	2.2594	2.2166	2.2536	2.24	2.2156			
															
		
~End
Plate:	MDA157_1 NFV/FLUVA	1.3	PlateFormat	Endpoint	Absorbance	Raw	FALSE	1						1	570	1	11	96	2	6	None	
	Temperature(¡C)	1	2	3	4	5	6	7	8	9	10	11	12		
	27.60														
		0.0489	1.1889	1.1476	1.1111	0.8984	0.6434	0.4284	0.3463	0.3705	0.3743	0.3583			
		0.0448	1.5966	1.6029	1.5514	1.4812	1.2021	0.7639	0.4514	0.3582	0.37	0.3547			
		0.0455	1.6711	1.6511	1.6544	1.622	1.3373	1.0216	0.5681	0.391	0.3874	0.3552			
		0.0466	1.6518	1.6807	1.6228	1.5822	1.3904	1.1107	0.5087	0.3916	0.3585	0.3521			
		0.0452	1.6394	1.6656	1.6685	1.6037	1.4455	1.0609	0.5998	0.4876	0.368	0.3788			
		0.0449	1.5379	1.6338	1.6594	1.5429	1.355	0.9932	0.5636	0.4726	0.3822	0.3391			
															
		
~End
Plate:	MDA157_2 NFV/FLUVA	1.3	PlateFormat	Endpoint	Absorbance	Raw	FALSE	1						1	570	1	11	96	2	6	None	
	Temperature(¡C)	1	2	3	4	5	6	7	8	9	10	11	12		
	27.60														
		0.0458	1.1214	1.0029	0.9647	0.7542	0.5155	0.3361	0.3167	0.3849	0.435	0.3808			
		0.049	1.5711	1.5487	1.5093	1.3128	0.955	0.5099	0.4209	0.3842	0.3494	0.387			
		0.0461	1.6547	1.6518	1.6757	1.6375	1.2442	0.7061	0.4597	0.3895	0.3508	0.3642			
		0.0457	1.7052	1.7467	1.7382	1.6533	1.3277	0.8769	0.5637	0.3851	0.3321	0.3101			
		0.0463	1.6575	1.7436	1.6743	1.5798	1.3598	0.8353	0.4595	0.3282	0.341	0.2593			
		0.0478	1.6729	1.6876	1.7125	1.6466	1.3709	0.9119	0.526	0.3689	0.3243	0.3079			
															
		
~End
Plate:	MDA157_3 NFV/FLUVA	1.3	PlateFormat	Endpoint	Absorbance	Raw	FALSE	1						1	570	1	11	96	2	6	None	
	Temperature(¡C)	1	2	3	4	5	6	7	8	9	10	11	12		
	27.60														
		0.0444	1.1605	1.0476	0.9585	0.8648	0.568	0.3824	0.332	0.3761	0.3507	0.3513			
		0.0458	1.6368	1.6483	1.5544	1.4384	1.0199	0.5241	0.3863	0.375	0.376	0.3419			
		0.045	1.6897	1.6554	1.7079	1.5868	1.2727	0.8243	0.4654	0.4207	0.3614	0.3655			
		0.0457	1.7629	1.6742	1.6452	1.626	1.2657	0.8284	0.5421	0.3754	0.3406	0.3182			
		0.0456	1.7385	1.6906	1.7034	1.618	1.282	0.7919	0.4511	0.3853	0.4403	0.3688			
		0.0445	1.6187	1.6321	1.5535	1.5353	1.265	0.8124	0.5497	0.4421	0.3261	0.336			
															
		
~End
Plate:	HBL100_1 NFV/FLUVA	1.3	PlateFormat	Endpoint	Absorbance	Raw	FALSE	1						1	570	1	11	96	2	6	None	
	Temperature(¡C)	1	2	3	4	5	6	7	8	9	10	11	12		
	27.60														
		0.0472	1.4087	1.474	1.5539	1.5312	1.4307	1.2352	0.3506	0.1699	0.1645	0.1693			
		0.0466	2.0141	1.9597	1.981	1.9591	2.0822	2.0594	1.1388	0.3392	0.1736	0.1786			
		0.0471	1.9679	2.0967	2.044	2.0301	2.0297	1.8727	1.3093	0.4056	0.1927	0.1804			
		0.0466	2.0159	2.0596	2.0707	2.0685	2.0335	1.9923	1.5745	0.6377	0.2337	0.1735			
		0.0446	1.9829	2.0667	2.0651	2.0641	2.0169	2.0148	1.5107	0.5647	0.1902	0.1637			
		0.0446	2.0134	1.9819	2.0806	2.0548	2.0278	2.0101	1.7419	0.8014	0.2863	0.1659			
															
		
~End
Plate:	HBL100_2 NFV/FLUVA	1.3	PlateFormat	Endpoint	Absorbance	Raw	FALSE	1						1	570	1	11	96	2	6	None	
	Temperature(¡C)	1	2	3	4	5	6	7	8	9	10	11	12		
	27.70														
		0.0455	1.732	1.662	1.73	1.6713	1.6104	1.144	0.3336	0.1632	0.1545	0.1767			
		0.047	2.0064	2.0018	2.0995	2.1058	1.99	1.7263	1.096	0.3081	0.1741	0.1744			
		0.0522	1.939	1.9512	2.0267	2.0253	2.0269	1.8132	1.3044	0.3972	0.1744	0.1607			
		0.0515	1.9307	2.0617	2.0728	2.0862	1.9907	2.0676	1.555	0.6368	0.2001	0.1666			
		0.0473	2.0277	2.0672	2.0873	2.1351	2.0135	2.0306	1.6691	0.5174	0.1959	0.1629			
		0.0449	1.9963	1.96	1.9373	2.0089	2.0008	1.8983	1.5591	0.6615	0.271	0.1716			
															
		
~End
Plate:	HBL100_3 NFV/FLUVA	1.3	PlateFormat	Endpoint	Absorbance	Raw	FALSE	1						1	570	1	11	96	2	6	None	
	Temperature(¡C)	1	2	3	4	5	6	7	8	9	10	11	12		
	27.70														
		0.0481	1.561	1.7341	1.7858	1.5174	1.5426	1.1733	0.298	0.1879	0.1766	0.1918			
		0.0467	2.003	2.0447	2.0976	1.9929	2.0656	1.9212	1.1667	0.2452	0.1661	0.1631			
		0.0472	1.9861	1.9747	2.0206	1.9646	1.9664	1.9184	1.1657	0.3333	0.1714	0.1684			
		0.0481	2.0387	2.0001	2.0141	1.988	1.856	1.9987	1.3941	0.5179	0.2382	0.1649			
		0.0466	2.1212	2.1061	1.9651	1.9726	1.8533	1.9365	1.4805	0.5244	0.2016	0.1809			
		0.0467	2.0605	2.1262	1.9543	2.0101	2.0053	2.0811	1.5878	0.6797	0.3193	0.1788			
															
		
~End
Instrument type: Instrument serial number:
