##BLOCKS= 1          
Plate:	KPL1_2 DP/FLUVA ARRAY	1.3	PlateFormat	Endpoint	Absorbance	Raw	FALSE	1						1	570	1	11	96	2	6	None	
	Temperature(¡C)	1	2	3	4	5	6	7	8	9	10	11	12		
	25.90														
		0.0463	1.2606	1.0202	0.8802	0.8556	0.876	0.6458	0.6222	0.4162	0.2898	0.1846			
		0.0462	1.6099	1.4115	1.511	1.6164	1.3259	1.0798	0.7027	0.391	0.1988	0.1509			
		0.0458	1.9483	2.1172	2.0869	1.9795	1.8899	1.5695	0.9526	0.6135	0.3787	0.2542			
		0.0423	1.9733	2.0216	2.0358	1.9779	2.0135	1.7133	1.1256	0.6386	0.4752	0.2217			
		0.0457	2.2329	2.0312	2.2306	2.1574	2.1329	1.5959	1.2154	0.8205	0.4816	0.3246			
		0.0436	1.9024	1.9536	2.1153	1.8656	1.7153	1.4891	1.197	0.7843	0.4578	0.2864			
															
		
~End
Instrument type: Instrument serial number:
