##BLOCKS= 27         
Note:~End
Plate:	SUM159 DP/FLUVA ARRAY	1.3	PlateFormat	Endpoint	Absorbance	Raw	FALSE	1						1	570	1	11	96	2	6	None	
	Temperature(¡C)	1	2	3	4	5	6	7	8	9	10	11	12		
	26.60														
		0.0461	1.4852	1.5328	1.5776	1.594	0.2609	0.0957	0.0868	0.0844	0.0843	0.0765			
		0.0453	1.8358	1.832	1.8326	1.8399	0.6041	0.1153	0.0859	0.0903	0.0856	0.0819			
		0.0448	1.9562	1.8305	1.8114	1.8531	1.1234	0.2408	0.0933	0.0841	0.0802	0.0798			
		0.0459	1.938	1.9446	1.9407	1.9306	1.5353	0.6199	0.1393	0.0882	0.088	0.0867			
		0.0465	2.0226	1.9639	1.9967	1.9768	1.7242	1.0319	0.2879	0.1051	0.0819	0.0834			
		0.047	1.8132	1.9112	1.9482	2.0478	1.951	1.4901	0.7408	0.2825	0.1027	0.079			
															
		
~End
Plate:	SUM159_2 DP/FLUVA ARRAY	1.3	PlateFormat	Endpoint	Absorbance	Raw	FALSE	1						1	570	1	11	96	2	6	None	
	Temperature(¡C)	1	2	3	4	5	6	7	8	9	10	11	12		
	26.60														
		0.0471	1.6037	1.5272	1.6435	1.6176	0.2615	0.0876	0.0792	0.0782	0.0777	0.077			
		0.0466	1.7587	1.8006	1.807	1.7872	0.4817	0.1039	0.0812	0.0772	0.0857	0.094			
		0.0482	1.8857	1.8625	1.9004	1.9092	1.1934	0.2377	0.0889	0.0805	0.0802	0.0768			
		0.0454	1.8808	1.9189	1.952	1.9672	1.5087	0.5774	0.1579	0.0921	0.0802	0.0777			
		0.0467	1.9288	1.9465	1.9593	1.9653	1.7087	0.9634	0.2109	0.1101	0.0815	0.0787			
		0.0482	1.8194	1.8568	1.902	1.9505	1.9192	1.4735	0.8376	0.3085	0.1044	0.0809			
															
		
~End
Plate:	EVSAT DP/FLUVA ARRAY	1.3	PlateFormat	Endpoint	Absorbance	Raw	FALSE	1						1	570	1	11	96	2	6	None	
	Temperature(¡C)	1	2	3	4	5	6	7	8	9	10	11	12		
	26.60														
		0.0443	1.22	1.2234	1.1346	1.0603	1.0004	1.1005	1.0425	0.7902	0.5085	0.1165			
		0.0476	2.0614	2.0419	2.0331	2.0546	2.0218	1.9918	1.8731	1.8854	1.1071	0.138			
		0.0464	2.309	2.2522	2.2618	2.299	2.2621	2.3181	2.2345	2.1936	1.9488	0.1723			
		0.0475	2.3132	2.3254	2.3361	2.3194	2.2889	2.3364	2.2665	2.2904	2.172	0.3811			
		0.0467	2.3735	2.2969	2.3543	2.3853	2.3385	2.3464	2.3261	2.2982	2.2391	0.6226			
		0.0466	2.2592	2.3041	2.2801	2.321	2.3189	2.2973	2.2937	2.2598	2.1676	1.075			
															
		
~End
Plate:	EVSAT_2 DP/FLUVA ARRAY	1.3	PlateFormat	Endpoint	Absorbance	Raw	FALSE	1						1	570	1	11	96	2	6	None	
	Temperature(¡C)	1	2	3	4	5	6	7	8	9	10	11	12		
	26.70														
		0.0459	1.4147	1.1371	1.1989	1.1339	1.087	1.1039	1.1574	1.0146	0.6228	0.1276			
		0.0464	2.231	2.1747	2.157	2.0201	2.0405	2.0404	1.9266	1.9282	1.1111	0.1546			
		0.0463	2.2945	2.3193	2.3163	2.2368	2.2915	2.2648	2.2991	2.2494	1.8917	0.1846			
		0.0456	2.2851	2.2812	2.2607	2.2531	2.2253	2.254	2.2444	2.2866	2.0292	0.2442			
		0.0491	2.3379	2.3354	2.3078	2.2962	2.3382	2.2893	2.3052	2.3534	2.2128	0.6189			
		0.0456	2.2485	2.2783	2.3104	2.2795	2.256	2.3	2.2652	2.2893	2.2035	1.0931			
															
		
~End
Plate:	MACLS2 DP/FLUVA ARRAY	1.3	PlateFormat	Endpoint	Absorbance	Raw	FALSE	1						1	570	1	11	96	2	6	None	
	Temperature(¡C)	1	2	3	4	5	6	7	8	9	10	11	12		
	26.60														
		0.0456	0.6614	0.6704	0.661	0.6564	0.6067	0.4474	0.2197	0.1051	0.0841	0.0806			
		0.046	0.7892	0.748	0.7979	0.7463	0.5891	0.5373	0.2883	0.1414	0.0974	0.0903			
		0.0457	0.9622	0.9678	0.9454	0.9708	0.8873	0.8317	0.5685	0.2942	0.1794	0.0917			
		0.0451	0.8355	0.8611	0.8583	0.8368	0.8497	0.7315	0.5824	0.3024	0.156	0.0888			
		0.0457	1.2201	1.1277	1.2533	1.3109	1.2277	1.097	0.8552	0.5745	0.3294	0.0938			
		0.0461	0.6425	0.6259	0.6187	0.682	0.6525	0.5753	0.3971	0.2637	0.1477	0.0897			
															
		
~End
Plate:	MACLS2_2 DP/FLUVA ARRAY	1.3	PlateFormat	Endpoint	Absorbance	Raw	FALSE	1						1	570	1	11	96	2	6	None	
	Temperature(¡C)	1	2	3	4	5	6	7	8	9	10	11	12		
	26.70														
		0.0448	0.7048	0.7138	0.6568	0.6555	0.6539	0.4562	0.2124	0.1045	0.094	0.085			
		0.0454	0.8935	0.9059	0.8967	0.8662	0.8417	0.661	0.3357	0.1474	0.0999	0.0921			
		0.0462	1.083	1.0858	1.0274	1.2402	1.1676	1.0992	0.6547	0.4301	0.2036	0.0973			
		0.0491	1.0031	1.0889	1.0499	1.0197	1.0003	0.8824	0.6126	0.3439	0.1911	0.0987			
		0.0449	1.2896	1.2848	1.4065	1.3694	1.2131	1.2931	1.037	0.6579	0.4115	0.1202			
		0.0471	0.8157	0.8054	0.7703	0.8265	0.7889	0.7622	0.5494	0.3493	0.2119	0.1036			
															
		
~End
Plate:	MDA134 DP/FLUVA ARRAY	1.3	PlateFormat	Endpoint	Absorbance	Raw	FALSE	1						1	570	1	11	96	2	6	None	
	Temperature(¡C)	1	2	3	4	5	6	7	8	9	10	11	12		
	26.70														
		0.0445	0.5604	0.5621	0.5974	0.6	0.596	0.5494	0.365	0.2513	0.1864	0.1892			
		0.0457	0.6127	0.642	0.6588	0.6798	0.6584	0.5658	0.3305	0.2094	0.1729	0.1801			
		0.0448	0.6463	0.679	0.7206	0.712	0.6111	0.5483	0.3253	0.216	0.1686	0.1893			
		0.0478	0.5777	0.6429	0.6507	0.7052	0.6468	0.4641	0.3291	0.1984	0.157	0.1865			
		0.0462	0.622	0.6647	0.6929	0.6787	0.6718	0.4896	0.3248	0.2031	0.1451	0.1595			
		0.0456	0.6089	0.6424	0.6673	0.6698	0.5927	0.4598	0.2804	0.2163	0.1584	0.1438			
															
		
~End
Plate:	MDA134_2 DP/FLUVA ARRAY	1.3	PlateFormat	Endpoint	Absorbance	Raw	FALSE	1						1	570	1	11	96	2	6	None	
	Temperature(¡C)	1	2	3	4	5	6	7	8	9	10	11	12		
	26.60														
		0.044	0.5394	0.5694	0.5996	0.6425	0.6193	0.5701	0.3908	0.2803	0.2031	0.1961			
		0.0446	0.623	0.6622	0.7219	0.7776	0.6917	0.6009	0.3805	0.2212	0.1783	0.1841			
		0.0452	0.6113	0.7025	0.7016	0.743	0.7378	0.5563	0.3824	0.2003	0.1643	0.1617			
		0.0452	0.5681	0.6535	0.6975	0.7062	0.6903	0.5411	0.3728	0.2038	0.1409	0.1376			
		0.0526	0.5873	0.6741	0.6915	0.7663	0.7072	0.5873	0.3639	0.1832	0.1235	0.1248			
		0.045	0.6198	0.6724	0.6839	0.6976	0.65	0.4964	0.3021	0.19	0.1371	0.121			
															
		
~End
Plate:	MX1 DP/FLUVA ARRAY	1.3	PlateFormat	Endpoint	Absorbance	Raw	FALSE	1						1	570	1	11	96	2	6	None	
	Temperature(¡C)	1	2	3	4	5	6	7	8	9	10	11	12		
	26.70														
		0.0444	0.7803	0.7767	0.7729	0.7396	0.6979	0.3882	0.1113	0.0915	0.0907	0.0846			
		0.0456	0.8312	0.8343	0.8279	0.8209	0.7866	0.6384	0.188	0.1033	0.0885	0.095			
		0.0565	0.821	0.8739	0.8324	0.854	0.8125	0.6922	0.3637	0.1386	0.0998	0.0952			
		0.0438	0.7719	0.8228	0.8225	0.8518	0.7828	0.7644	0.504	0.2235	0.1175	0.0913			
		0.0456	0.7716	0.808	0.836	0.8257	0.8113	0.7509	0.5812	0.3609	0.2017	0.1033			
		0.0443	0.7723	0.702	0.722	0.7942	0.7211	0.7126	0.6354	0.4432	0.2707	0.1077			
															
		
~End
Plate:	MX1_2 DP/FLUVA ARRAY	1.3	PlateFormat	Endpoint	Absorbance	Raw	FALSE	1						1	570	1	11	96	2	6	None	
	Temperature(¡C)	1	2	3	4	5	6	7	8	9	10	11	12		
	26.70														
		0.045	0.7238	0.753	0.7117	0.7631	0.7362	0.4161	0.1333	0.1001	0.0943	0.0999			
		0.0454	0.7718	0.8273	0.7851	0.8106	0.8087	0.5861	0.1783	0.1083	0.0998	0.1055			
		0.0442	0.7764	0.7537	0.7819	0.8277	0.8272	0.7461	0.4453	0.1939	0.1313	0.098			
		0.0452	0.7349	0.7653	0.8103	0.778	0.7928	0.7371	0.4704	0.2262	0.1242	0.1006			
		0.0452	0.7093	0.7174	0.6979	0.7564	0.7585	0.7483	0.5777	0.3567	0.2113	0.1133			
		0.045	0.708	0.7099	0.7211	0.83	0.7951	0.7902	0.6037	0.4506	0.2968	0.1209			
															
		
~End
Plate:	MDA361 DP/FLUVA ARRAY	1.3	PlateFormat	Endpoint	Absorbance	Raw	FALSE	1						1	570	1	11	96	2	6	None	
	Temperature(¡C)	1	2	3	4	5	6	7	8	9	10	11	12		
	26.70														
		0.0453	1.2354	1.1915	1.1453	1.2037	1.1707	1.1414	0.7915	0.1911	0.0792	0.0756			
		0.0452	1.401	1.3869	1.4143	1.4179	1.3086	1.2318	0.7707	0.1597	0.082	0.077			
		0.0461	1.4213	1.4724	1.4946	1.4888	1.4072	1.2221	0.6935	0.1933	0.108	0.0779			
		0.0458	1.296	1.3504	1.3577	1.3889	1.2985	1.1565	0.6499	0.2883	0.1387	0.0808			
		0.0476	1.3198	1.3711	1.2372	1.3634	1.1385	1.1051	0.6668	0.2927	0.1816	0.0811			
		0.0444	1.1706	1.1457	1.1429	1.1791	1.0918	0.8417	0.4536	0.2323	0.1413	0.08			
															
		
~End
Plate:	MDA361_2 DP/FLUVA ARRAY	1.3	PlateFormat	Endpoint	Absorbance	Raw	FALSE	1						1	570	1	11	96	2	6	None	
	Temperature(¡C)	1	2	3	4	5	6	7	8	9	10	11	12		
	26.70														
		0.0473	1.4107	1.4119	1.4238	1.4251	1.3624	1.2636	0.9543	0.2503	0.0964	0.0875			
		0.0447	1.5554	1.6375	1.6255	1.601	1.502	1.3441	0.8416	0.2053	0.0981	0.0905			
		0.0449	1.5594	1.5964	1.6525	1.6236	1.4861	1.331	0.7863	0.2791	0.1299	0.0953			
		0.0445	1.5623	1.5973	1.62	1.6144	1.4708	1.2739	0.8561	0.3312	0.2046	0.0973			
		0.0455	1.5422	1.6144	1.5663	1.6009	1.5141	1.2902	0.8203	0.3819	0.2183	0.0984			
		0.0463	1.4253	1.316	1.3584	1.3762	1.2986	1.0551	0.5956	0.3029	0.1793	0.0944			
															
		
~End
Plate:	HCT116 DP/FLUVA ARRAY	1.3	PlateFormat	Endpoint	Absorbance	Raw	FALSE	1						1	570	1	11	96	2	6	None	
	Temperature(¡C)	1	2	3	4	5	6	7	8	9	10	11	12		
	26.80														
		0.0453	2.4114	2.4472	2.4238	1.9909	0.3568	0.1093	0.0809	0.0796	0.0761	0.078			
		0.0453	2.4751	2.4638	2.4859	2.3588	1.1768	0.1859	0.0997	0.0874	0.0854	0.0796			
		0.0453	2.4787	2.4591	2.471	2.405	1.9475	0.6858	0.1283	0.0938	0.0811	0.0763			
		0.0467	2.4421	2.4562	2.4717	2.4217	2.198	1.3254	0.4019	0.136	0.0915	0.0783			
		0.046	2.4699	2.4352	2.4679	2.4154	2.2758	1.6255	0.6778	0.1859	0.1056	0.0863			
		0.0478	2.3297	2.3227	2.3369	2.3074	2.2065	1.8855	1.0161	0.4007	0.1505	0.0831			
															
		
~End
Plate:	HCT116_2 DP/FLUVA ARRAY	1.3	PlateFormat	Endpoint	Absorbance	Raw	FALSE	1						1	570	1	11	96	2	6	None	
	Temperature(¡C)	1	2	3	4	5	6	7	8	9	10	11	12		
	26.70														
		0.0458	2.3915	2.3644	2.3923	1.9045	0.4767	0.1234	0.0923	0.0825	0.08	0.0768			
		0.0443	2.4741	2.4469	2.479	2.3216	1.1015	0.2542	0.1365	0.0895	0.0863	0.0824			
		0.0462	2.4294	2.4552	2.4526	2.4133	2.0708	0.7682	0.1779	0.1014	0.0882	0.0793			
		0.0463	2.4017	2.4277	2.4283	2.3792	2.1688	1.1718	0.3923	0.125	0.096	0.0821			
		0.0445	2.4315	2.424	2.4285	2.3689	2.305	1.7111	0.7355	0.2084	0.107	0.0798			
		0.045	2.2463	2.3504	2.3547	2.3213	2.259	1.7781	1.0431	0.3863	0.1729	0.0864			
															
		
~End
Plate:	T47D DP/FLUVA ARRAY	1.3	PlateFormat	Endpoint	Absorbance	Raw	FALSE	1						1	570	1	11	96	2	6	None	
	Temperature(¡C)	1	2	3	4	5	6	7	8	9	10	11	12		
	26.80														
		0.045	1.032	1.0161	1.0343	1.0157	0.9566	0.8991	0.5549	0.1916	0.1191	0.1236			
		0.0448	1.5092	1.5036	1.542	1.3431	1.4419	1.2604	0.8664	0.2541	0.1353	0.1043			
		0.0469	1.6822	1.7315	1.7367	1.7571	1.6862	1.5365	1.0455	0.4642	0.2231	0.0997			
		0.0556	1.726	1.7827	1.8411	1.71	1.7724	1.6455	1.3361	0.8567	0.451	0.1039			
		0.0497	1.8371	1.881	1.8131	1.7773	1.7657	1.7039	1.4451	1.0535	0.6249	0.1135			
		0.0462	1.7448	1.6921	1.7033	1.7066	1.665	1.6317	1.4439	1.1057	0.7804	0.1425			
															
		
~End
Plate:	T47D_2 DP/FLUVA ARRAY	1.3	PlateFormat	Endpoint	Absorbance	Raw	FALSE	1						1	570	1	11	96	2	6	None	
	Temperature(¡C)	1	2	3	4	5	6	7	8	9	10	11	12		
	26.80														
		0.0441	1.0423	1.0846	1.0531	1.0997	1.0296	0.9908	0.6389	0.1936	0.1085	0.1053			
		0.0444	1.4841	1.4915	1.5628	1.4603	1.4304	1.3622	0.85	0.2119	0.124	0.1128			
		0.0446	1.7317	1.6942	1.7798	1.7364	1.6955	1.5568	1.0883	0.4572	0.1829	0.0969			
		0.0447	1.6875	1.5928	1.5248	1.6035	1.6222	1.5673	1.1642	0.7836	0.3988	0.1022			
		0.0454	1.8421	1.7726	1.7667	1.8151	1.7408	1.7251	1.4375	1.0032	0.6469	0.1072			
		0.0442	1.7367	1.8105	1.7895	1.7439	1.7969	1.6491	1.5266	1.1885	0.8377	0.127			
															
		
~End
Plate:	CAL120 DP/FLUVA ARRAY	1.3	PlateFormat	Endpoint	Absorbance	Raw	FALSE	1						1	570	1	11	96	2	6	None	
	Temperature(¡C)	1	2	3	4	5	6	7	8	9	10	11	12		
	26.80														
		0.0454	1.3709	1.2966	1.3175	1.3026	1.1365	1.1443	0.8841	0.3462	0.0936	0.0924			
		0.0455	1.4681	1.4511	1.6256	1.4555	1.4346	1.3962	1.1473	0.702	0.2104	0.0916			
		0.0462	1.3671	1.5241	1.5075	1.4837	1.4683	1.3562	1.309	0.9403	0.3348	0.0902			
		0.0487	1.4103	1.4983	1.5855	1.6792	1.5129	1.5962	1.44	1.0522	0.4857	0.0923			
		0.0478	1.5602	1.5451	1.4856	1.6594	1.6494	1.698	1.3945	1.2515	0.6773	0.101			
		0.0471	1.4339	1.3397	1.3897	1.4044	1.4072	1.4977	1.2836	1.0857	0.6806	0.1157			
															
		
~End
Plate:	CAL120_2 DP/FLUVA ARRAY	1.3	PlateFormat	Endpoint	Absorbance	Raw	FALSE	1						1	570	1	11	96	2	6	None	
	Temperature(¡C)	1	2	3	4	5	6	7	8	9	10	11	12		
	26.80														
		0.0461	0.9834	0.964	1.0111	0.989	1.0657	1.0207	0.7821	0.3211	0.0899	0.08			
		0.0483	1.321	1.3369	1.3044	1.2515	1.235	1.3185	1.105	0.6374	0.1766	0.0817			
		0.049	1.404	1.3195	1.345	1.4779	1.2264	1.3581	1.1723	0.7721	0.2881	0.0912			
		0.0483	1.2576	1.1853	1.2377	1.1387	1.1748	1.1873	1.1177	0.8375	0.4127	0.0815			
		0.0454	1.2677	1.3575	1.203	1.2423	1.3411	1.344	1.0892	0.9365	0.6104	0.0894			
		0.0467	1.1129	1.1339	1.1226	1.1081	1.1449	1.218	1.0323	0.7825	0.5812	0.1115			
															
		
~End
Plate:	SW527 DP/FLUVA ARRAY	1.3	PlateFormat	Endpoint	Absorbance	Raw	FALSE	1						1	570	1	11	96	2	6	None	
	Temperature(¡C)	1	2	3	4	5	6	7	8	9	10	11	12		
	26.80														
		0.044	1.1538	1.0885	1.2536	1.0111	0.9759	0.9419	0.3627	0.0846	0.0731	0.0707			
		0.0511	2.1619	2.0631	2.0783	2.0158	1.9312	1.8933	0.7217	0.1661	0.0719	0.0722			
		0.0464	2.1629	2.1957	2.2387	2.08	2.0741	2.0627	1.4898	0.4257	0.1294	0.0727			
		0.0452	2.0927	2.1867	2.1839	2.0653	2.1748	2.07	1.6922	0.6061	0.1676	0.0715			
		0.0444	2.2477	2.2689	2.0925	2.1254	2.2891	2.2822	1.7534	0.4683	0.2321	0.0719			
		0.0447	2.1653	2.1519	2.222	2.2537	2.1083	2.2346	1.5525	0.5988	0.3414	0.0733			
															
		
~End
Plate:	SW527_2 DP/FLUVA ARRAY	1.3	PlateFormat	Endpoint	Absorbance	Raw	FALSE	1						1	570	1	11	96	2	6	None	
	Temperature(¡C)	1	2	3	4	5	6	7	8	9	10	11	12		
	26.80														
		0.0458	1.2054	1.4116	1.5198	1.3175	1.1896	0.9758	0.4961	0.0938	0.0793	0.075			
		0.0452	2.3862	2.3101	2.332	2.2571	2.2811	2.316	1.2781	0.178	0.0816	0.0777			
		0.0454	2.4322	2.4291	2.4215	2.3963	2.396	2.3636	1.3204	0.4519	0.086	0.078			
		0.0471	2.4102	2.3838	2.3706	2.37	2.3181	2.3652	1.7192	0.4409	0.1495	0.0802			
		0.0471	2.408	2.3494	2.4586	2.4234	2.4363	2.455	1.9524	0.5598	0.2569	0.0792			
		0.0453	2.3882	2.3464	2.3842	2.4189	2.444	2.403	1.6357	0.3989	0.4215	0.0813			
															
		
~End
Plate:	HBL100 DP/FLUVA ARRAY	1.3	PlateFormat	Endpoint	Absorbance	Raw	FALSE	1						1	570	1	11	96	2	6	None	
	Temperature(¡C)	1	2	3	4	5	6	7	8	9	10	11	12		
	26.90														
		0.0454	0.386	0.3952	0.4287	0.4405	0.4797	0.4448	0.4912	0.141	0.0707	0.0694			
		0.0465	0.5531	0.586	0.6741	0.6652	0.6952	0.6432	0.5848	0.1342	0.0753	0.0708			
		0.0438	0.6057	0.6671	0.6544	0.6513	0.7104	0.7298	0.5994	0.1791	0.0757	0.0695			
		0.0495	0.6622	0.5235	0.7339	0.6925	0.6561	0.6956	0.6944	0.2583	0.0858	0.0697			
		0.0469	0.6782	0.6204	0.6434	0.6925	0.7335	0.724	0.6629	0.3561	0.1143	0.0721			
		0.0459	0.6512	0.6741	0.7475	0.6363	0.7067	0.6983	0.7032	0.5098	0.2234	0.0704			
															
		
~End
Plate:	HBL100_2 DP/FLUVA ARRAY	1.3	PlateFormat	Endpoint	Absorbance	Raw	FALSE	1						1	570	1	11	96	2	6	None	
	Temperature(¡C)	1	2	3	4	5	6	7	8	9	10	11	12		
	26.90														
		0.0443	0.4906	0.4111	0.5418	0.5411	0.5382	0.5647	0.6182	0.1568	0.0911	0.0943			
		0.0458	0.6643	0.682	0.788	0.7906	0.7742	0.7179	0.7205	0.189	0.0988	0.0915			
		0.0458	0.8659	0.7225	0.6721	0.7873	0.7601	0.8555	0.7193	0.2189	0.0961	0.0874			
		0.0485	0.7553	0.757	0.756	0.8112	0.8178	0.7003	0.7127	0.505	0.1602	0.0863			
		0.0479	0.7167	0.8373	0.7524	0.7692	0.7089	0.8436	0.7283	0.3861	0.1338	0.0835			
		0.0446	0.8356	0.7722	0.7604	0.7399	0.7536	0.8096	0.8071	0.6297	0.257	0.0816			
															
		
~End
Plate:	SKBR3 DP/FLUVA ARRAY	1.3	PlateFormat	Endpoint	Absorbance	Raw	FALSE	1						1	570	1	11	96	2	6	None	
	Temperature(¡C)	1	2	3	4	5	6	7	8	9	10	11	12		
	26.90														
		0.0474	0.4838	0.4777	0.4594	0.4763	0.513	0.3798	0.1843	0.086	0.0762	0.075			
		0.0455	0.5805	0.5793	0.5502	0.5606	0.5336	0.3292	0.1203	0.0758	0.0734	0.0725			
		0.0456	0.5763	0.5986	0.6063	0.6101	0.5445	0.289	0.1106	0.0738	0.0758	0.073			
		0.0445	0.6156	0.6212	0.6826	0.6592	0.5512	0.2516	0.1054	0.0755	0.0707	0.0726			
		0.0464	0.6424	0.6355	0.632	0.6837	0.551	0.2472	0.1026	0.0787	0.073	0.0722			
		0.0454	0.5695	0.5952	0.608	0.6258	0.4753	0.2294	0.1093	0.0793	0.0753	0.0709			
															
		
~End
Plate:	SKBR3_2 DP/FLUVA ARRAY	1.3	PlateFormat	Endpoint	Absorbance	Raw	FALSE	1						1	570	1	11	96	2	6	None	
	Temperature(¡C)	1	2	3	4	5	6	7	8	9	10	11	12		
	26.90														
		0.0453	0.4917	0.5089	0.4601	0.4666	0.4752	0.399	0.1916	0.0853	0.0745	0.0767			
		0.0471	0.5764	0.5825	0.5737	0.5484	0.5359	0.3373	0.1423	0.0785	0.0699	0.0716			
		0.0458	0.62	0.5844	0.6199	0.625	0.5709	0.2894	0.1102	0.075	0.0726	0.0696			
		0.0465	0.5301	0.5401	0.5982	0.5579	0.5474	0.2633	0.1108	0.0737	0.0719	0.0721			
		0.0453	0.5261	0.5843	0.585	0.5916	0.5488	0.294	0.107	0.0781	0.0717	0.0707			
		0.0447	0.5107	0.5537	0.5693	0.5759	0.514	0.2529	0.1022	0.0763	0.0696	0.0705			
															
		
~End
Plate:	MPE600 DP/FLUVA ARRAY	1.3	PlateFormat	Endpoint	Absorbance	Raw	FALSE	1						1	570	1	11	96	2	6	None	
	Temperature(¡C)	1	2	3	4	5	6	7	8	9	10	11	12		
	26.90														
		0.0447	0.7277	0.8192	0.8162	0.7729	0.8564	0.591	0.6638	0.1985	0.0837	0.0821			
		0.0467	1.9591	1.9754	1.6228	1.6001	1.4045	1.4148	1.3727	0.6887	0.1	0.0835			
		0.0455	1.951	1.7958	1.8384	1.8977	1.7223	1.6489	1.5967	1.2402	0.2404	0.0817			
		0.0474	1.7411	1.62	1.794	1.7382	1.8838	1.7366	1.4158	1.3779	0.5353	0.0848			
		0.0465	1.6932	1.9482	1.8304	2.0635	1.8493	1.7327	1.8944	1.5465	0.7456	0.0805			
		0.0465	1.8269	1.8339	1.8379	1.745	1.6685	1.8622	1.8355	1.4673	0.7432	0.0827			
															
		
~End
Plate:	MPE600_2 DP/FLUVA ARRAY	1.3	PlateFormat	Endpoint	Absorbance	Raw	FALSE	1						1	570	1	11	96	2	6	None	
	Temperature(¡C)	1	2	3	4	5	6	7	8	9	10	11	12		
	26.90														
		0.045	0.7053	0.893	0.7331	0.6811	0.7324	0.7376	0.7671	0.2132	0.0832	0.0777			
		0.0441	1.825	1.5187	1.7559	1.4423	1.5594	1.5729	1.7416	1.2947	0.3119	0.0854			
		0.0464	1.7043	1.5875	1.7624	1.8402	1.9036	1.5708	1.4366	1.2008	0.2222	0.0786			
		0.0445	1.716	1.6374	1.8385	1.8084	1.8121	1.9169	1.8256	1.4609	0.5503	0.085			
		0.045	1.8572	1.9065	1.8311	1.7285	1.8214	1.7578	1.6866	1.5069	0.7916	0.0838			
		0.0473	1.6917	1.6585	1.7734	1.6097	1.6898	1.9564	1.7716	1.6366	0.9247	0.0869			
															
		
~End
Instrument type: Instrument serial number:
